15
endocarpon.pusillum.2_tyr787       0.0000000 1.4027424 0.3806874 0.0560163 0.4079545 0.3712828 1.4027424 0.3817438 0.5123460 0.4400097 1.3959811 1.3959811 0.4854106 0.5985114 1.0725841 
umbilicaria.spodochroa.1_tyr1537   1.4027424 0.0000000 1.2876170 1.3634267 1.2124281 1.3578051 0.0000010 1.3053283 1.3617499 1.3416266 0.0045659 0.0045659 1.3065904 1.6314296 1.0362015 
botryolepraria.lesdainii.1_tyr1709 0.3806874 1.2876170 0.0000000 0.3558774 0.2707847 0.2498774 1.2876170 0.2402325 0.4212225 0.3201379 1.2888401 1.2888401 0.3350702 0.4971587 0.9973322 
endocarpon.pusillum.2_tyr1873      0.0560163 1.3634267 0.3558774 0.0000000 0.3832978 0.3422216 1.3634267 0.3362998 0.4957913 0.4307092 1.3706971 1.3706971 0.4243362 0.5310154 1.1000973 
endocarpon.pusillum.2_tyr2473      0.4079545 1.2124281 0.2707847 0.3832978 0.0000000 0.0241750 1.2124281 0.0679760 0.1307116 0.1658506 1.2145043 1.2145043 0.1121746 0.2347415 1.0553804 
endocarpon.pusillum.2_tyr2477      0.3712828 1.3578051 0.2498774 0.3422216 0.0241750 0.0000000 1.3578051 0.0423216 0.1469250 0.1226763 1.3632738 1.3632738 0.0985321 0.2338176 1.1092859 
umbilicaria.grisea.2_tyr2583       1.4027424 0.0000010 1.2876170 1.3634267 1.2124281 1.3578051 0.0000000 1.3053283 1.3617499 1.3416266 0.0045659 0.0045659 1.3065904 1.6314296 1.0362015 
endocarpon.pusillum.2_tyr2649      0.3817438 1.3053283 0.2402325 0.3362998 0.0679760 0.0423216 1.3053283 0.0000000 0.1792663 0.1527360 1.3095978 1.3095978 0.1164499 0.2496063 1.0068725 
endocarpon.pusillum.2_tyr2708      0.5123460 1.3617499 0.4212225 0.4957913 0.1307116 0.1469250 1.3617499 0.1792663 0.0000000 0.2289544 1.3666229 1.3666229 0.1947835 0.3718726 1.1202426 
endocarpon.pusillum.2_tyr2775      0.4400097 1.3416266 0.3201379 0.4307092 0.1658506 0.1226763 1.3416266 0.1527360 0.2289544 0.0000000 1.3469096 1.3469096 0.1950350 0.3075404 1.0614228 
umbilicaria.grisea.3_tyr2972       1.3959811 0.0045659 1.2888401 1.3706971 1.2145043 1.3632738 0.0045659 1.3095978 1.3666229 1.3469096 0.0000000 0.0000010 1.3110283 1.6333295 1.0407686 
umbilicaria.grisea.1_tyr3322       1.3959811 0.0045659 1.2888401 1.3706971 1.2145043 1.3632738 0.0045659 1.3095978 1.3666229 1.3469096 0.0000010 0.0000000 1.3110283 1.6333295 1.0407686 
endocarpon.pusillum.2_tyr3371      0.4854106 1.3065904 0.3350702 0.4243362 0.1121746 0.0985321 1.3065904 0.1164499 0.1947835 0.1950350 1.3110283 1.3110283 0.0000000 0.3327564 1.0737030 
endocarpon.pusillum.1_tyr3655      0.5985114 1.6314296 0.4971587 0.5310154 0.2347415 0.2338176 1.6314296 0.2496063 0.3718726 0.3075404 1.6333295 1.6333295 0.3327564 0.0000000 1.2208566 
zalvar1_685428                     1.0725841 1.0362015 0.9973322 1.1000973 1.0553804 1.1092859 1.0362015 1.0068725 1.1202426 1.0614228 1.0407686 1.0407686 1.0737030 1.2208566 0.0000000 
