169
cladonia.sp..8_tyr24                  0.0000000 0.6621817 0.5172214 0.6843754 0.6022418 0.5421505 1.6275175 0.6957054 0.5597941 0.0289938 0.5632974 0.9505924 0.4228642 0.5800516 0.6511028 1.2891009 0.8761178 1.3392253 0.5650973 0.5748972 0.6185983 0.5594320 0.7029528 0.6657444 0.5683174 0.0000010 0.9721549 0.6296489 0.8285875 0.4828726 0.5332331 0.5648062 0.5257642 1.0152143 0.5563311 0.5597941 0.7160685 0.4528881 0.5500020 0.5415572 0.6106220 0.6675155 0.0383677 0.5717263 0.7860332 0.5340094 0.5800516 0.7618653 0.5851157 1.2972763 0.5597745 0.5865376 0.6053344 0.8175487 0.6762402 0.4784880 0.7297213 0.8755873 0.8340230 0.8728847 1.0673898 0.5048066 0.4784880 0.6102541 0.5794324 0.5602218 0.5872573 0.5783391 0.4402181 0.6150197 0.7079244 0.9297693 0.6012970 0.6023776 0.5553144 1.1237022 0.5720876 0.5563311 0.5285033 0.5516236 0.5546980 0.6568244 0.5717621 0.8081917 0.5158087 0.5781372 0.4402181 0.4352923 0.6073799 0.5423318 0.0953912 0.5834578 0.9297693 0.4551123 0.9738324 0.7217413 0.5973198 0.6053344 0.5491060 1.0462978 0.5748972 0.5491060 0.8776226 0.5933285 0.7160685 0.5405254 0.7090114 0.8797112 0.7090114 0.8296376 0.0349759 0.6146588 0.5493176 0.8395299 0.5402894 0.5435493 0.8710185 0.7834597 0.5632974 0.5644835 0.5346854 1.1140557 0.7020975 0.9175640 0.6647321 0.9564989 0.6173023 0.5451331 0.5652813 0.8534028 0.6129838 0.5677768 0.5616693 0.0289938 1.1625735 1.1576261 0.5692153 0.5374614 0.5356563 0.5282451 0.6439622 0.5703382 0.6463583 0.5300632 0.5151903 1.8304999 0.6012970 0.6568244 0.5703382 0.4506304 0.6152862 0.5518217 0.8470984 0.5921763 0.6299134 1.0171515 0.5420409 0.5746156 0.8490282 1.2969550 0.8490282 1.5030065 1.3016147 0.9120994 0.8026254 3.0584276 1.3031539 1.4077636 1.4198028 
letrouitia.transgressa.2_tyr37        0.6621817 0.0000000 0.2753927 0.3099327 0.1714423 0.4793680 1.5509152 0.4983823 0.5118141 0.6749981 0.2406794 0.9011905 0.4400930 0.5336318 0.6855002 1.0308635 0.8085534 1.0516913 0.4849811 0.2278723 0.2178876 0.4621494 0.7061775 0.3196721 0.1281546 0.6621817 0.9223951 0.0304358 0.4828546 0.4476410 0.4626101 0.5632868 0.5157623 0.9012957 0.4951066 0.5118141 0.7316730 0.4428746 0.4672090 0.4746914 0.5023221 0.5696389 0.6961331 0.1682899 0.7240938 0.4932817 0.5336318 0.8406314 0.5402212 1.0473664 0.4850643 0.2068360 0.1752002 0.7826484 0.3068866 0.4655823 0.7314202 0.4691712 0.6614026 0.8259935 0.8865889 0.5376595 0.4655823 0.5878764 0.4959218 0.4637069 0.5337231 0.5031196 0.4259175 0.5935180 0.2864371 0.9005578 0.1918027 0.5233279 0.1092478 1.1545668 0.4972151 0.4951066 0.4740651 0.4765203 0.3364685 0.5959973 0.7152253 0.7854693 0.4279222 0.5260304 0.4259175 0.4259175 0.5234550 0.4824966 0.7849949 0.6514779 0.9005578 0.4569523 0.9246995 0.3788241 0.1875359 0.1752002 0.4757283 1.0074036 0.2278723 0.4757283 0.8148458 0.0697278 0.7316730 0.4772378 0.3740327 0.8431923 0.3740327 0.7251564 0.6859040 0.5623871 0.5309537 0.7495144 0.4686014 0.4793680 0.7454522 0.6316100 0.2406794 0.5178731 0.4627835 0.9926037 0.4501230 0.8618844 0.2639803 0.8838021 0.5610463 0.4993086 0.5070191 0.4563752 0.5082146 0.5153912 0.4851793 0.6749981 1.0450542 1.1540840 0.4654823 0.4554408 0.4831714 0.4819106 0.3261679 0.4651351 0.6018661 0.5161613 0.4694053 1.3860267 0.1918027 0.5959973 0.4651351 0.4422267 0.6346994 0.4890621 0.4247484 0.2083095 0.2612782 0.8877427 0.4829761 0.5917929 0.8445880 1.0200504 0.8445880 1.5211031 1.2341997 0.8939546 0.7791106 2.9864470 1.2423512 1.7107413 1.2504369 
micareopsis.irriguata.1_tyr82         0.5172214 0.2753927 0.0000000 0.2887420 0.1938813 0.4419107 1.4236811 0.3073569 0.4329428 0.5310164 0.1944707 0.8729398 0.4048687 0.5082674 0.6339181 0.9080091 0.6372702 1.1027893 0.4195684 0.1661861 0.1974507 0.3982866 0.6557483 0.2619962 0.2703912 0.5172214 0.7898396 0.2427691 0.4378607 0.3887544 0.3889466 0.4279626 0.3976634 0.6772064 0.4040070 0.4329428 0.6074791 0.3748474 0.4071872 0.3985001 0.4240785 0.5626097 0.5402777 0.1457084 0.6736859 0.4006805 0.5082674 0.7641630 0.4324698 1.0808281 0.3787515 0.1828057 0.1476738 0.5825964 0.2618521 0.4170459 0.5640154 0.2986781 0.7188073 0.6735756 0.7529019 0.4007852 0.4170459 0.4750982 0.4313207 0.3851599 0.4177490 0.3792430 0.3646872 0.4121613 0.2463813 0.7286175 0.2101175 0.4517339 0.1898106 0.8883829 0.4278888 0.4040070 0.3613434 0.3925544 0.2861128 0.4632512 0.4797250 0.6914334 0.4378830 0.4039177 0.3646872 0.3574239 0.4192907 0.3958393 0.5026427 0.4275755 0.7286175 0.3924040 0.7918114 0.3081471 0.1362088 0.1476738 0.4015268 0.9518524 0.1661861 0.4015268 0.6659403 0.2031703 0.6074791 0.3785093 0.2750040 0.7276903 0.2750040 0.6552613 0.5384525 0.5487188 0.4044051 0.6079834 0.3951435 0.4419107 0.6533721 0.5697364 0.1944707 0.4128148 0.3891373 0.8979580 0.3465985 0.7545785 0.1191445 0.6413453 0.4196390 0.4048214 0.4136763 0.3437668 0.4021642 0.3971457 0.4003848 0.5310164 1.0432214 1.1035187 0.3820213 0.3817223 0.3937224 0.3797821 0.2659674 0.3936819 0.4795196 0.3777252 0.3677608 1.2891924 0.2101175 0.4632512 0.3936819 0.3524585 0.4287097 0.4017035 0.3535559 0.1648785 0.1913530 0.8402657 0.3482683 0.5346568 0.7231916 0.7622102 0.7231916 1.0555966 0.9865361 0.6744125 0.6914334 3.1444212 0.8789921 1.1998067 1.1728748 
cladonia.uncialis.4_tyr103            0.6843754 0.3099327 0.2887420 0.0000000 0.2726355 0.6187919 1.3990788 0.4307169 0.5802318 0.6870956 0.2943427 0.8818683 0.4446705 0.6055651 0.7211801 1.2039302 0.7546947 1.1943303 0.5823438 0.2670255 0.3374930 0.5768430 0.6918194 0.3859743 0.3559739 0.6843754 0.9351311 0.3501697 0.4659242 0.5366177 0.5668795 0.5784756 0.5576653 0.9448833 0.6001923 0.5802318 0.7707746 0.5706350 0.5789337 0.5786265 0.6012081 0.6919087 0.6867730 0.2492011 0.7843696 0.5998127 0.6055651 0.9080302 0.6176685 1.2192305 0.5709246 0.2753381 0.2675858 0.6489357 0.0200092 0.4786290 0.8268820 0.5512081 0.7643987 0.7791304 1.0501472 0.5835623 0.4786290 0.6638530 0.6207377 0.5913348 0.6214918 0.6276611 0.5535685 0.6947545 0.3643368 0.9698241 0.3096748 0.6344137 0.2793752 0.8095523 0.6154224 0.6001923 0.5624511 0.5847762 0.3712624 0.6404280 0.7164679 0.7809490 0.5208039 0.5908342 0.5535685 0.5474255 0.6226302 0.5727474 0.7841028 0.6065375 0.9698241 0.5609264 0.9369493 0.4143902 0.2529048 0.2675858 0.5757651 1.0378188 0.2670255 0.5757651 0.7707710 0.3108269 0.7707746 0.5902161 0.4220427 0.8605855 0.4220427 0.7346631 0.7038950 0.6507308 0.5839475 0.8261352 0.5767355 0.6187919 0.7976842 0.8074292 0.2943427 0.5988665 0.5708307 0.9811825 0.4806845 0.9218698 0.3692428 0.8992737 0.6465035 0.5943883 0.5822950 0.5057329 0.6203509 0.6175510 0.5873383 0.6870956 1.2676470 1.1856171 0.5795345 0.5603948 0.5842467 0.5721631 0.3492222 0.5923222 0.7460001 0.5703072 0.5474892 1.5369388 0.3096748 0.6404280 0.5923222 0.4513496 0.6732172 0.5639920 0.4546662 0.2821942 0.3367822 1.0062317 0.5904049 0.7018126 0.8103393 1.0618413 0.8103393 1.3045553 1.1961463 0.9280005 0.7743277 3.2923415 1.3898629 1.4804451 1.3926759 
letrouitia.sp..1_tyr120               0.6022418 0.1714423 0.1938813 0.2726355 0.0000000 0.5293213 1.5939659 0.3774017 0.4998904 0.6047591 0.1768193 0.9247108 0.3736420 0.5225127 0.6503446 1.1271379 0.7374719 1.1816250 0.4946291 0.1245605 0.1028209 0.4823726 0.6033775 0.2705956 0.1710419 0.6022418 0.8789038 0.1585398 0.3332405 0.4716006 0.4872728 0.5335416 0.5113396 0.9331460 0.5000091 0.4998904 0.7312772 0.4626961 0.4925616 0.4731581 0.5058694 0.6108972 0.6199891 0.1300523 0.7783239 0.4996069 0.5225127 0.8299284 0.5718797 1.1669751 0.4886424 0.1095699 0.1349099 0.6868986 0.2670413 0.4285035 0.7051537 0.4850505 0.7634523 0.7597431 1.0062476 0.5019764 0.4285035 0.5635139 0.5107801 0.5001862 0.5099853 0.5353554 0.4542840 0.5973802 0.2470773 0.9000944 0.1417440 0.5200239 0.0918085 1.1239263 0.5053845 0.5000091 0.4685672 0.5084159 0.2230879 0.6138124 0.6236290 0.7439077 0.4042733 0.5119336 0.4542840 0.4493622 0.4976203 0.5022286 0.7449505 0.5484611 0.9000944 0.4702995 0.8803586 0.2732103 0.1316134 0.1349099 0.4889092 1.0575050 0.1245605 0.4889092 0.7525126 0.1049774 0.7312772 0.5249934 0.2640845 0.8228370 0.2640845 0.6518140 0.6399382 0.5807908 0.5107343 0.7813268 0.5042765 0.5156155 0.7553898 0.7189309 0.1768193 0.5007011 0.4985578 0.9270572 0.3077909 0.8510827 0.2178650 0.9014140 0.5520048 0.4958740 0.5214915 0.3954970 0.5469806 0.5221617 0.5080307 0.6047591 1.1604319 1.1731390 0.5064687 0.4933724 0.5042908 0.4801649 0.2211961 0.4996861 0.5956269 0.5220380 0.4666449 1.5757900 0.1417440 0.6138124 0.4996861 0.4043427 0.6039834 0.4992193 0.3336271 0.1385231 0.1861515 0.9840540 0.5075771 0.5682590 0.8500524 0.9796342 0.8500524 1.3954552 1.2693401 0.9149772 0.7387375 3.1500944 1.2913545 1.5268194 1.3030267 
cladonia.squamosa.1_tyr159            0.5421505 0.4793680 0.4419107 0.6187919 0.5293213 0.0000000 1.4564779 0.6564057 0.2900239 0.5414556 0.4771967 0.8109932 0.2776524 0.3231494 0.4806723 0.9680253 0.6358265 1.1025256 0.2630603 0.5285289 0.5069649 0.2721547 0.6941199 0.6486580 0.4678278 0.5421505 0.7537047 0.4888824 0.8255091 0.3655391 0.2541647 0.2900342 0.2884898 0.7784888 0.2874862 0.2900239 0.6826018 0.3083657 0.2694401 0.2481172 0.2777179 0.3824750 0.5688207 0.5193990 0.7043949 0.2842938 0.3231494 0.7338565 0.3124929 1.0822405 0.2610965 0.5314721 0.5247997 0.6098054 0.6173777 0.2981608 0.4238457 0.7317372 0.6868115 0.6477726 0.9254934 0.3831736 0.2981608 0.3505293 0.2987825 0.2672134 0.3166038 0.3299613 0.3196038 0.3542864 0.6876787 0.7646206 0.5619006 0.2903502 0.5124635 1.1301614 0.2849657 0.2874862 0.2411455 0.2644875 0.5211151 0.3632179 0.4770708 0.5992809 0.2466547 0.2825467 0.3196038 0.3149806 0.2665368 0.2609637 0.5952076 0.4792051 0.7646206 0.3150045 0.7549269 0.6604654 0.5308256 0.5247997 0.2789581 0.9122491 0.5285289 0.2789581 0.6427703 0.5208483 0.6826018 0.2759038 0.6893298 0.7082864 0.6893298 0.6470690 0.5531281 0.4207192 0.3206257 0.6942281 0.2521617 0.0000010 0.6810960 0.4155723 0.4771967 0.2779097 0.2476280 0.8648410 0.5917627 0.7103391 0.5744014 0.7416113 0.3106367 0.2798650 0.3050124 0.6936273 0.2667402 0.2751214 0.2694625 0.5414556 1.0718371 1.0287935 0.2362567 0.2518966 0.2558723 0.2755804 0.5961210 0.2646074 0.3876791 0.2810671 0.2401775 1.5638076 0.5619006 0.3632179 0.2646074 0.2758761 0.3505322 0.2459760 0.7704351 0.4824253 0.5793615 0.7694768 0.2746579 0.4003983 0.7746714 1.1233572 0.7746714 1.3002282 1.0969517 0.8603661 0.5950477 2.7277637 1.0956488 1.3532672 1.2788169 
coniocarpon.cinnabarinum.2_tyr169     1.6275175 1.5509152 1.4236811 1.3990788 1.5939659 1.4564779 0.0000000 1.6562290 1.5019735 1.6309764 1.4044296 1.7652861 1.3044292 1.3624924 1.6329451 1.6993445 1.4684234 1.5281644 1.4808985 1.5623977 1.4901529 1.4665692 1.3209214 1.8098074 1.4759675 1.6275175 1.5155271 1.6330144 1.8119496 1.4351838 1.5284641 1.4727940 1.4747150 1.4719192 1.5455695 1.5019735 1.3550578 1.4631738 1.5249290 1.5252703 1.5528299 1.7374771 1.6481596 1.5505816 1.4391232 1.5506243 1.3624924 1.4131664 1.6796874 1.5286618 1.5536780 1.4847601 1.5279375 1.5135268 1.4064113 1.3421940 1.5265131 1.6511899 1.3919794 1.4595444 1.7133407 1.3498606 1.3421940 1.6717526 1.5057527 1.5101485 1.6028623 1.5339517 1.4358526 1.5767893 1.5360028 1.5931448 1.7012193 1.6076750 1.5618943 1.7427851 1.5071310 1.5455695 1.4675181 1.4842977 1.1889979 1.7025735 1.4815266 1.7438302 1.4003392 1.4735749 1.4358526 1.4224614 1.5394072 1.5275993 1.5736200 1.5947320 1.5931448 1.3251990 1.5324964 1.5361529 1.5130846 1.5279375 1.4658534 1.5310316 1.5623977 1.4658534 1.4921704 1.5751104 1.3550578 1.5331484 1.5078902 1.5129145 1.5078902 1.5938720 1.6608853 1.5048024 1.5220040 1.4874033 1.5148166 1.4327353 1.4257574 1.3948833 1.4044296 1.5034581 1.5108556 1.3530994 1.6955487 1.4444168 1.6040815 1.4695324 1.6179723 1.5340225 1.5116051 1.5979500 1.4562554 1.5634710 1.5273057 1.6309764 1.5404955 1.1767473 1.4953788 1.4958245 1.5365367 1.4982264 1.5466082 1.4732169 1.5062215 1.5852628 1.4625678 1.5379653 1.7012193 1.7025735 1.4732169 1.3124609 1.4509212 1.5321478 1.9277109 1.5063825 1.4694213 1.4779735 1.4656004 1.6522273 1.3779545 1.9688655 1.3779545 2.1182421 2.1379624 1.5077317 1.7631194 3.6084254 1.8210726 2.2261046 1.9404912 
cornicularia.normoerica.2_tyr176      0.6957054 0.4983823 0.3073569 0.4307169 0.3774017 0.6564057 1.6562290 0.0000000 0.6059136 0.6713863 0.3343833 1.0604806 0.4522919 0.6050341 0.6688282 1.1749667 0.9161451 1.1338308 0.6102893 0.3245042 0.3733055 0.6059231 0.7462685 0.4902083 0.3457815 0.6957054 1.0630368 0.5485901 0.5889368 0.6098029 0.5948465 0.6123398 0.6684651 1.0540904 0.6302345 0.6059136 0.9414213 0.4961712 0.6230617 0.5841069 0.5572736 0.6469082 0.6988096 0.3343793 1.0119801 0.6568856 0.6050341 0.9729257 0.7647959 1.1723999 0.5526674 0.3056793 0.3238873 0.8316017 0.4083580 0.5162751 0.7574114 0.7044081 0.9344319 0.9126512 0.9501004 0.7263125 0.5162751 0.7066220 0.6102874 0.6096274 0.6733830 0.6507471 0.5512562 0.6515936 0.4532961 1.1121170 0.3095091 0.6951368 0.3701116 1.2858516 0.6173860 0.6302345 0.5767458 0.6191358 0.3020809 0.7307934 0.6568551 0.7081006 0.5029825 0.6202710 0.5512562 0.5512562 0.5735740 0.5874024 0.7842656 0.6662853 1.1121170 0.6070400 1.0783231 0.4289632 0.3205747 0.3238873 0.5981315 1.1166397 0.3245042 0.5981315 0.9049323 0.4408920 0.9414213 0.5829197 0.3789990 1.0715878 0.3789990 0.7982643 0.6813572 0.6178246 0.6444561 0.8990345 0.5935384 0.6338885 0.9650086 0.8021233 0.3343833 0.6275893 0.5952191 1.0937550 0.1785125 1.0047597 0.4810738 0.9893626 0.6697342 0.6390712 0.6393281 0.4990679 0.6339102 0.5731956 0.5999083 0.6713863 1.2609682 1.2366591 0.5470949 0.5859761 0.6112045 0.6013298 0.4526089 0.6291072 0.7023982 0.6170871 0.5946554 1.5085227 0.3095091 0.7307934 0.6291072 0.5069148 0.5877331 0.6015122 0.5123660 0.3606276 0.3869413 1.0607316 0.5982474 0.7268608 0.9803740 1.1980134 0.9803740 1.4366441 1.3014426 1.0864385 0.7025924 2.5658677 1.3753286 1.5876754 1.4519712 
imshaugia.aleurites.2_tyr183          0.5597941 0.5118141 0.4329428 0.5802318 0.4998904 0.2900239 1.5019735 0.6059136 0.0000000 0.5352284 0.4130830 0.9028348 0.0379986 0.2286443 0.2447976 1.0471084 0.6271675 1.1865352 0.0853994 0.5117732 0.4535787 0.0805412 0.7519168 0.5822979 0.4742203 0.5597941 0.8014871 0.5420751 0.7684888 0.3317487 0.0677546 0.0856007 0.2960007 0.8587680 0.0652995 0.0000010 0.6770567 0.2876775 0.0809192 0.0654208 0.1183079 0.1418383 0.5570160 0.4984972 0.7050962 0.0748301 0.2286443 0.7765202 0.3164280 1.1734838 0.0840754 0.4802843 0.5174291 0.6702297 0.5617595 0.0525785 0.4591761 0.6497219 0.6970632 0.6428239 0.9788399 0.3447258 0.0525785 0.1170318 0.0829798 0.0801604 0.0912260 0.0951685 0.2940309 0.0989928 0.5407995 0.8062568 0.5452512 0.0992226 0.4795065 1.0066366 0.0827317 0.0652995 0.0938731 0.0831743 0.4296471 0.1392775 0.4858356 0.3610108 0.1121551 0.1240335 0.2940309 0.2898400 0.1186312 0.0683142 0.5851929 0.4200145 0.8062568 0.2969362 0.8027433 0.5960658 0.5142319 0.5174291 0.0406735 1.0081010 0.5117732 0.0406735 0.6471956 0.5134330 0.6770567 0.0676111 0.5546004 0.7391578 0.5546004 0.6413559 0.5487436 0.2050824 0.0606304 0.7492816 0.0684325 0.2893147 0.6772981 0.4571757 0.4130830 0.0566619 0.0652729 0.8892998 0.5917210 0.7593749 0.5635649 0.8279276 0.1462449 0.0656055 0.0873592 0.6951658 0.1211803 0.0695793 0.0709989 0.5352284 1.1296747 1.1146850 0.0800542 0.0683403 0.0775304 0.0857990 0.5047424 0.0891611 0.3577215 0.0982974 0.0761922 1.7479678 0.5452512 0.1392775 0.0891611 0.0986240 0.1235700 0.0779640 0.6858829 0.4997156 0.4811778 0.8660710 0.0687761 0.3971725 0.6970655 1.1464842 0.6970655 1.3955220 1.1833647 0.8855342 0.3529594 2.7593750 1.1584034 1.3721158 1.4083944 
cladonia.petrophila.1_tyr211          0.0289938 0.6749981 0.5310164 0.6870956 0.6047591 0.5414556 1.6309764 0.6713863 0.5352284 0.0000000 0.5597250 0.9288409 0.3937434 0.5468086 0.6227165 1.2789763 0.8350647 1.3363878 0.5527128 0.5705734 0.6044960 0.5284699 0.6877106 0.6461453 0.5522624 0.0289938 0.9479237 0.6378534 0.8264890 0.4727345 0.5101202 0.5375362 0.5312096 0.9876508 0.5361130 0.5352284 0.6892596 0.4381378 0.5255748 0.5160449 0.5882173 0.6508562 0.0202806 0.5700187 0.7600914 0.5141119 0.5468086 0.7484766 0.5717047 1.2913608 0.5365238 0.5780370 0.5955528 0.7877363 0.6775717 0.4481567 0.7076141 0.8729550 0.8029295 0.8376651 1.0867944 0.5103045 0.4481567 0.5944130 0.5512149 0.5295162 0.5662084 0.5530983 0.4352639 0.5814131 0.6916258 0.9381121 0.5998820 0.5693044 0.5558128 1.0800127 0.5408124 0.5361130 0.5052280 0.5235432 0.5584249 0.6425638 0.5785452 0.7759418 0.5011542 0.5537218 0.4352639 0.4303745 0.5916563 0.5166400 0.1046286 0.5631724 0.9381121 0.4540664 0.9495393 0.7224149 0.5876127 0.5955528 0.5232353 1.0624430 0.5705734 0.5232353 0.8423405 0.6050355 0.6892596 0.5129717 0.7026880 0.8701162 0.7026880 0.8055498 0.0171541 0.5798861 0.5229678 0.8230793 0.5147130 0.5363338 0.8457149 0.7627744 0.5597250 0.5382095 0.5092411 1.0987646 0.6805883 0.8933834 0.6691965 0.9370271 0.6023658 0.5217988 0.5379227 0.8425266 0.5909237 0.5526530 0.5356250 0.0000010 1.1473256 1.1718768 0.5475253 0.5143504 0.5102086 0.5021810 0.6371984 0.5463185 0.6424064 0.5090989 0.4922763 1.8696344 0.5998820 0.6425638 0.5463185 0.4232949 0.5980705 0.5255883 0.8349166 0.5733368 0.6270525 1.0202210 0.5141086 0.5478991 0.8262111 1.2963684 0.8262111 1.5262333 1.2789122 0.9137800 0.7705913 3.0348618 1.2732950 1.3804978 1.4147487 
lecanoromycetes.sp..5_tyr214          0.5632974 0.2406794 0.1944707 0.2943427 0.1768193 0.4771967 1.4044296 0.3343833 0.4130830 0.5597250 0.0000000 0.8548314 0.3650843 0.5088620 0.6158029 1.0836669 0.6583268 1.1745878 0.3596918 0.1548853 0.1766217 0.3890865 0.6282675 0.2302011 0.2965168 0.5632974 0.7970446 0.2463572 0.3556661 0.4556918 0.3909162 0.4022236 0.4777751 0.8587320 0.4031480 0.4130830 0.7314443 0.4204372 0.3833606 0.4000923 0.3645872 0.5081520 0.5657527 0.1793924 0.8297783 0.4028896 0.5088620 0.8398724 0.5315881 1.1641257 0.3691096 0.1839442 0.1784665 0.6006014 0.2779820 0.4126280 0.6172150 0.4934702 0.7677861 0.6781313 0.9350507 0.4708215 0.4126280 0.4606114 0.4117624 0.3893274 0.4152504 0.3868650 0.4286483 0.4008597 0.2247834 0.7908461 0.1900433 0.4215885 0.1961969 0.9068360 0.4080031 0.4031480 0.3760884 0.3931355 0.1269115 0.4780559 0.6457750 0.6718991 0.3912842 0.3674534 0.4286483 0.4236970 0.3863813 0.3924300 0.6431851 0.4776418 0.7908461 0.4491937 0.7983684 0.2816599 0.1748463 0.1784665 0.3944666 1.0452056 0.1548853 0.3944666 0.6805748 0.2158022 0.7314443 0.4055714 0.2818229 0.7158568 0.2818229 0.6173544 0.5647738 0.5137992 0.3739451 0.7515502 0.3991073 0.4609938 0.6855295 0.6394997 0.0000010 0.4063863 0.3938020 0.8858678 0.3180824 0.7585542 0.2519363 0.8346278 0.3939151 0.4019439 0.3788809 0.3819546 0.4137114 0.3722597 0.4011379 0.5597250 1.0909509 1.0788438 0.3842714 0.3889533 0.3959129 0.3545828 0.1851465 0.4071580 0.5573231 0.3281631 0.3691105 1.4543730 0.1900433 0.4780559 0.4071580 0.3539705 0.4046613 0.4010389 0.1289669 0.1823005 0.1479083 0.9387182 0.3863769 0.5741650 0.8594754 0.9306009 0.8594754 1.2203936 1.2074074 0.8386816 0.6672445 3.0509679 1.2453582 1.4423842 1.3582947 
lecanoromycetes.sp..2_tyr232          0.9505924 0.9011905 0.8729398 0.8818683 0.9247108 0.8109932 1.7652861 1.0604806 0.9028348 0.9288409 0.8548314 0.0000000 0.6612554 0.8871667 0.8928984 1.4619154 0.8540970 1.3707943 0.8459333 0.9047838 0.8692964 0.9490611 0.8520989 1.1109306 0.8959741 0.9505924 1.0500420 0.9902508 1.1422340 0.8673848 0.8473882 0.8934077 0.8472744 1.0654693 0.9251052 0.9028348 0.8370975 0.8474320 0.9077591 0.8792754 0.8815225 1.0953172 0.9730719 0.9518711 0.9342274 0.9449349 0.8871667 0.9606157 0.8571240 1.3177922 0.9003814 0.9645700 0.9172990 0.8141002 0.8992163 0.6912404 1.1308316 1.0672113 0.9025571 0.8734416 1.4033609 0.8808212 0.6912404 0.9428289 0.9664801 0.8935856 0.9473135 0.9100466 0.8207367 0.9250435 0.8974754 1.0418478 0.9932729 1.0033351 0.9533094 1.3571828 0.9752250 0.9251052 0.8280896 0.8906303 0.8015553 0.9393675 1.1982842 1.1050370 0.8281809 0.8812055 0.8207367 0.8137187 0.9687686 0.8980169 0.8686829 0.8489265 1.0418478 0.8454630 1.0629257 0.9973397 0.9194050 0.9172990 0.9148907 1.1976091 0.9047838 0.9148907 0.8730642 0.9441742 0.8370975 0.9078624 0.9488831 1.0014048 0.9488831 1.0205269 0.9409091 0.8409144 0.7855372 0.9564220 0.8832479 0.8109932 0.9375311 1.0063954 0.8548314 0.8707609 0.8904915 1.3684523 1.0519513 1.0188937 0.9720707 0.9899851 0.9332881 0.8973999 0.8676934 0.9949970 0.9650039 0.9333301 0.9071201 0.9288409 1.4014002 1.2631419 0.8885308 0.8753613 0.8693506 0.8572119 0.9344922 0.8956504 0.9587787 0.8903757 0.7905975 1.9831750 0.9932729 0.9393675 0.8956504 0.6691811 0.8616318 0.8850479 1.1843052 0.9671854 0.9045117 1.2217718 0.8801481 0.9091499 0.8621695 1.6606552 0.8621695 1.7215968 1.5899157 1.2588443 1.0819050 3.2846216 1.4003617 1.7245052 1.6945473 
evernia.divaricata.1_tyr246           0.4228642 0.4400930 0.4048687 0.4446705 0.3736420 0.2776524 1.3044292 0.4522919 0.0379986 0.3937434 0.3650843 0.6612554 0.0000000 0.1724027 0.2291894 0.9511342 0.6048023 0.9360233 0.0557922 0.3685705 0.3109171 0.0528611 0.7237925 0.4140957 0.4694843 0.4228642 0.6719698 0.4253337 0.6105978 0.2850197 0.0437942 0.0580291 0.2553571 0.7022603 0.0480929 0.0379986 0.6246931 0.2207221 0.0680588 0.0480135 0.0771296 0.1323689 0.4095602 0.3755490 0.7025810 0.0483087 0.1724027 0.7216897 0.2889434 0.9604912 0.0582457 0.3303088 0.3863446 0.5978523 0.4204274 0.0680429 0.4078810 0.5554557 0.7392940 0.5978501 0.6341291 0.2876611 0.0680429 0.1048817 0.0577997 0.0629378 0.0733867 0.0760415 0.2121785 0.0733428 0.4392379 0.6947121 0.3767127 0.0929424 0.3616203 0.8256755 0.0578604 0.0480929 0.0532372 0.0479921 0.4265922 0.1538213 0.3712202 0.3401972 0.0667951 0.0946328 0.2121785 0.2121785 0.1081304 0.0482711 0.4672909 0.3769335 0.6947121 0.2319168 0.6735834 0.4588479 0.3913841 0.3863446 0.0333991 0.7482794 0.3685705 0.0333991 0.6049254 0.3816924 0.6246931 0.0382176 0.4249069 0.6278601 0.4249069 0.6126163 0.3964528 0.1849274 0.0589208 0.6398735 0.0482226 0.2763561 0.6203150 0.3861490 0.3650843 0.0529900 0.0482827 0.7397233 0.4300430 0.6304182 0.4315291 0.6642219 0.0755761 0.0434431 0.0683529 0.5210471 0.0987505 0.0698032 0.0528259 0.3937434 0.8406908 1.0243204 0.0644947 0.0483283 0.0631601 0.0630916 0.3836769 0.0634897 0.3458684 0.0780429 0.0482711 1.3030744 0.3767127 0.1538213 0.0634897 0.0841384 0.0926253 0.0629865 0.5459548 0.3132442 0.3532430 0.7325407 0.0480218 0.3735905 0.6860651 0.8474926 0.6860651 1.4109331 1.2032785 0.6674534 0.3322393 2.3254400 1.0680070 1.3107332 1.3850116 
imshaugia.aleurites.1_tyr304          0.5800516 0.5336318 0.5082674 0.6055651 0.5225127 0.3231494 1.3624924 0.6050341 0.2286443 0.5468086 0.5088620 0.8871667 0.1724027 0.0000000 0.2343014 0.9549645 0.6452192 1.2097674 0.1952306 0.5083869 0.4673204 0.2040608 0.7531501 0.4357915 0.5601223 0.5800516 0.7742095 0.5450773 0.7153432 0.3885442 0.2065170 0.1914308 0.3524083 0.7765177 0.2163001 0.2286443 0.6281026 0.3579923 0.2299069 0.2220561 0.2223069 0.3250882 0.5721953 0.5286344 0.6768853 0.1989913 0.0000010 0.7938593 0.3589005 1.1986399 0.1856418 0.5083516 0.5298506 0.6552597 0.6031923 0.1410456 0.4147256 0.6115737 0.7029669 0.6562913 0.9978006 0.3961116 0.1410456 0.2761096 0.2064398 0.2037189 0.2389171 0.1538039 0.3710871 0.1676347 0.5396538 0.8119085 0.5777874 0.1981959 0.5142408 0.8395239 0.1913316 0.2163001 0.2055026 0.2136530 0.5428794 0.2577357 0.5462141 0.3197646 0.2339701 0.2526118 0.3710871 0.3703979 0.1992285 0.2204588 0.5228882 0.5601809 0.8119085 0.3473924 0.7758669 0.5908509 0.5271111 0.5298506 0.1988601 0.9955253 0.5083869 0.1988601 0.6621967 0.5267091 0.6281026 0.1878183 0.5934367 0.6716850 0.5934367 0.6413624 0.5662700 0.2320122 0.2003592 0.8208247 0.2162138 0.3226748 0.6994103 0.4720633 0.5088620 0.2138005 0.2093132 0.8916617 0.5154464 0.7127530 0.5391947 0.7332792 0.1602304 0.2131799 0.1812840 0.6936910 0.2265743 0.2209251 0.2141956 0.5468086 1.0368656 1.1655871 0.2091806 0.2157047 0.2140483 0.2041825 0.5008950 0.2008562 0.4205355 0.1562759 0.1947696 1.7834630 0.5777874 0.2577357 0.2008562 0.1640377 0.2644483 0.2074633 0.6105509 0.4808518 0.4861119 0.8066238 0.1670765 0.4812421 0.6412455 0.9387565 0.6412455 1.1596607 1.2558813 0.7726095 0.3108267 3.1978497 1.0752104 1.2493328 1.2730668 
pseudevernia.furfuracea.1_tyr327      0.6511028 0.6855002 0.6339181 0.7211801 0.6503446 0.4806723 1.6329451 0.6688282 0.2447976 0.6227165 0.6158029 0.8928984 0.2291894 0.2343014 0.0000000 1.2212293 0.8864360 1.2338951 0.2854897 0.6214494 0.5571638 0.2449819 0.8934518 0.4836963 0.5700225 0.6511028 0.8900974 0.6377382 0.8139813 0.5238746 0.2586117 0.2622922 0.4780910 0.9523054 0.2618443 0.2447976 0.8910719 0.4556544 0.2584508 0.2720504 0.2858430 0.3204242 0.6251146 0.6199290 0.9653383 0.2471613 0.2343014 0.9996018 0.5272724 1.2678542 0.2767459 0.6135851 0.6288309 0.8645362 0.7025754 0.1967865 0.6506267 0.7793790 0.9545013 0.8646955 0.8502441 0.5053133 0.1967865 0.3004380 0.2506962 0.2499324 0.2693865 0.2591160 0.4473140 0.2766577 0.7064315 0.9740066 0.6253118 0.2886282 0.6113358 1.1728685 0.2491861 0.2618443 0.2552952 0.2430159 0.6667039 0.3044779 0.5282112 0.3557037 0.2937671 0.3035390 0.4473140 0.4473140 0.2839764 0.2488635 0.6707300 0.6124666 0.9740066 0.4620896 0.9061379 0.7456067 0.6519720 0.6288309 0.2413842 1.1548426 0.6214494 0.2413842 0.8863631 0.6315861 0.8910719 0.2474075 0.6304836 0.8818435 0.6304836 0.8207291 0.6233327 0.2654468 0.2652225 0.8883647 0.2614568 0.4832699 0.8742445 0.6572916 0.6158029 0.2547002 0.2579990 1.0420550 0.6129432 0.8629145 0.7020690 0.9332522 0.2220706 0.2533883 0.2846917 0.6789739 0.3235310 0.2955082 0.2663578 0.6227165 1.1299359 1.3877156 0.2785190 0.2622905 0.2576138 0.2443877 0.6488275 0.2770221 0.5939531 0.3036911 0.2618841 1.6926664 0.6253118 0.3044779 0.2770221 0.2198045 0.3174870 0.2457203 0.7648496 0.5482189 0.6229666 1.0351791 0.2608073 0.6159824 1.0119583 1.1889248 1.0119583 1.3812214 1.4269027 0.8447932 0.3471973 2.8493142 1.4171164 1.5360991 1.4407382 
cladophialophora.endolichena.1_tyr430 1.2891009 1.0308635 0.9080091 1.2039302 1.1271379 0.9680253 1.6993445 1.1749667 1.0471084 1.2789763 1.0836669 1.4619154 0.9511342 0.9549645 1.2212293 0.0000000 1.1786474 1.7502733 1.0075663 1.0843094 1.0635859 1.0250122 1.0718428 1.0853131 1.1065706 1.2891009 1.3586187 1.1576749 1.2478552 1.0839506 1.0232031 0.9759153 1.0645941 1.1346408 1.0603581 1.0471084 0.9030733 1.0165112 1.0311012 1.0377642 0.9210352 1.2364615 1.2883492 1.1449937 1.0000398 1.0390841 0.9549645 0.9705084 1.0862706 1.7029465 0.9786735 1.0884935 1.1437860 1.1589147 1.1960430 0.9643412 1.0971599 1.2755892 0.9707211 1.1876371 1.3142853 1.0447067 0.9643412 1.0922091 1.0509891 1.0379653 1.0936665 1.0678194 1.0599154 1.1353636 1.1606045 1.3937768 1.1776671 1.0855904 1.1356076 1.5680418 1.0522851 1.0603581 0.9829186 1.0453651 1.1063100 1.1687695 1.2618723 1.2493523 1.0425289 0.9896187 1.0599154 1.0520445 0.9796276 1.0417608 1.2432786 1.0993531 1.3937768 1.0313473 1.3614326 1.2322941 1.1372552 1.1437860 1.0655910 1.6252710 1.0843094 1.0655910 1.1780913 1.1930414 0.9030733 1.1000414 1.1174767 1.3046049 1.1174767 1.3121004 1.3135809 1.1920553 0.9616352 1.0748014 1.0567038 0.9606558 1.2582376 1.1098325 1.0836669 1.0350225 1.0544652 1.2058612 1.1362635 1.3732420 1.0582200 1.0734032 1.0023613 1.0526647 1.0526159 1.1464833 1.0419802 0.9943109 1.0661010 1.2789763 1.1042354 1.3209826 0.9825803 1.0622064 1.0682152 0.9955241 1.1489677 1.0824322 1.1164353 0.9608106 0.9851213 1.7536157 1.1776671 1.1687695 1.0824322 0.9712952 0.9153374 1.0201140 1.3535013 1.0117153 1.1644965 0.3828216 1.0820069 1.2166602 0.4932471 1.5719720 0.4932471 0.5557372 0.3462168 1.2845241 1.2325076 3.6003135 0.7325436 1.1296716 0.9435108 
umbilicaria.crustulosa.1_tyr450       0.8761178 0.8085534 0.6372702 0.7546947 0.7374719 0.6358265 1.4684234 0.9161451 0.6271675 0.8350647 0.6583268 0.8540970 0.6048023 0.6452192 0.8864360 1.1786474 0.0000000 1.2563945 0.6113357 0.7469706 0.7154676 0.6168946 0.7987031 0.9371563 0.7327450 0.8761178 0.4448172 0.7800739 1.0946626 0.6573874 0.6013989 0.5981105 0.6205457 0.9604546 0.6287462 0.6271675 0.7142083 0.6454382 0.6215889 0.5914263 0.6512353 0.7252394 0.8678491 0.7808880 0.8020949 0.6254832 0.6452192 0.8156021 0.6456396 1.1885681 0.6359629 0.7531063 0.7642317 0.3802634 0.7511770 0.6356303 0.8843734 0.9962838 0.7741758 0.0117265 1.1945911 0.6442139 0.6356303 0.6860382 0.6243924 0.6106154 0.6455332 0.6352522 0.5847103 0.6748358 0.8208745 0.5044764 0.7526295 0.6356948 0.6828200 1.1785389 0.6249338 0.6287462 0.5984345 0.6192335 0.6124131 0.7080278 0.8008010 1.0259320 0.5795091 0.6153351 0.5847103 0.5847103 0.6541724 0.6105732 0.9604276 0.8005394 0.5044764 0.5841958 0.4453519 0.8416349 0.7471102 0.7642317 0.6200381 1.1511445 0.7469706 0.6200381 0.0087909 0.7394833 0.7142083 0.6156597 0.7992337 0.4144409 0.7992337 0.4256006 0.8550214 0.8137678 0.6135546 0.9012347 0.6059052 0.6244155 0.2984034 0.8130040 0.6583268 0.6182760 0.6033001 0.9575577 0.8804853 0.4164799 0.7767516 0.9011913 0.6485153 0.6175423 0.6024445 0.9141674 0.6638473 0.6356259 0.6152233 0.8350647 1.2351530 1.2423330 0.6117285 0.6025457 0.6013452 0.5908201 0.7289064 0.6216913 0.7746575 0.6079861 0.6083378 1.7424652 0.7526295 0.7080278 0.6216913 0.5877225 0.7382412 0.5826917 0.9631698 0.7285641 0.7376430 0.9659540 0.6246164 0.8056289 1.0181114 1.4002430 1.0181114 1.3849268 1.3321139 0.9741449 1.0379519 2.8326660 1.1864384 1.4620858 1.4072270 
ramalina.petrina.1_tyr473             1.3392253 1.0516913 1.1027893 1.1943303 1.1816250 1.1025256 1.5281644 1.1338308 1.1865352 1.3363878 1.1745878 1.3707943 0.9360233 1.2097674 1.2338951 1.7502733 1.2563945 0.0000000 1.1720845 1.0995997 1.1159574 1.2158202 1.1718890 1.0868920 1.2011054 1.3392253 1.3684160 1.2795491 1.1749604 1.0804390 1.1356131 1.1544011 1.2391250 1.3877947 1.2193471 1.1865352 0.9548014 1.1394706 1.2106912 1.1874751 1.2300001 1.2897854 1.3501507 1.2223648 1.0297676 1.2105415 1.2097674 1.1180299 1.2729805 0.0568315 1.1623686 1.1711406 1.2022592 1.0940088 1.1923103 0.9679792 1.3807075 1.3561060 1.0722788 1.2971796 1.5036993 1.1640209 0.9679792 1.1832302 1.2609225 1.2464197 1.2758257 1.1575327 1.1002029 1.2219528 1.1470380 1.3213800 1.3216381 1.2677545 1.1623377 1.2111757 1.2451902 1.2193471 1.0547688 1.2211959 1.1293899 1.1358581 1.2469579 1.4326761 1.1537799 1.1788901 1.1002029 1.0924691 1.2841429 1.1803729 1.2944747 1.2638441 1.3213800 1.0574205 1.3714405 1.2441556 1.2003650 1.2022592 1.1896575 0.8304625 1.0995997 1.1896575 1.2934865 1.1819929 0.9548014 1.1343868 1.2381383 1.2704689 1.2381383 1.3413183 1.3611668 1.1770542 1.0605943 1.2132260 1.1882824 1.1017799 1.2196924 1.4703921 1.1745878 1.1737901 1.1878457 1.4156336 1.1925986 1.2883134 1.1837759 1.2191013 1.1734499 1.2292756 1.1217970 1.2338490 1.2793596 1.2769964 1.2044521 1.3363878 1.6189988 1.3677694 1.2088856 1.1714329 1.2130629 1.1397890 1.1534492 1.1888656 1.3458770 1.0499613 1.0702540 1.8057742 1.3216381 1.1358581 1.1888656 0.9503705 1.2558271 1.1688152 1.3793629 1.2401773 1.1510624 1.4073139 1.1160072 1.2998092 1.1476299 1.4429977 1.1476299 2.0834246 1.8122943 1.4796996 1.4484212 3.5311468 1.6816944 1.9413860 1.9169747 
usnea.hakonensis.1_tyr513             0.5650973 0.4849811 0.4195684 0.5823438 0.4946291 0.2630603 1.4808985 0.6102893 0.0853994 0.5527128 0.3596918 0.8459333 0.0557922 0.1952306 0.2854897 1.0075663 0.6113357 1.1720845 0.0000000 0.4632750 0.4893606 0.0943725 0.7030850 0.5551395 0.4537948 0.5650973 0.7685700 0.5381889 0.7942010 0.2966786 0.0225154 0.0856288 0.3041391 0.7802734 0.0865122 0.0853994 0.6462482 0.2579666 0.0860633 0.0666022 0.0438508 0.1176807 0.5774795 0.4475690 0.7263504 0.0864147 0.1952306 0.7227803 0.3253875 1.1620678 0.0322640 0.4602809 0.4772945 0.6097438 0.5831240 0.0902601 0.4352182 0.7168037 0.6903543 0.6269125 0.8222946 0.2906207 0.0902601 0.1372416 0.1079817 0.0849603 0.1072827 0.0821897 0.2420398 0.1086105 0.5968225 0.7617408 0.5021979 0.1109331 0.4519517 1.0310394 0.0995527 0.0865122 0.0297843 0.0728427 0.4172082 0.1585108 0.3420538 0.3826158 0.0484809 0.1011936 0.2420398 0.2370143 0.1195639 0.0337229 0.6351765 0.4245577 0.7617408 0.2573895 0.7700643 0.5721810 0.4688033 0.4772945 0.0416454 0.9504748 0.4632750 0.0416454 0.6324584 0.4700546 0.6462482 0.0249755 0.6258687 0.7167185 0.6258687 0.6877753 0.5642926 0.1901827 0.0864289 0.6721404 0.0260844 0.2630603 0.6669223 0.3740244 0.3596918 0.0837951 0.0261079 0.8149123 0.6039202 0.7257966 0.5087223 0.7816985 0.1203546 0.0825582 0.0494819 0.6637533 0.0844411 0.0904212 0.0451816 0.5527128 0.9914260 0.9984320 0.0326345 0.0298926 0.0412838 0.0771263 0.5110859 0.0565137 0.3602269 0.0211314 0.0221971 1.5089036 0.5021979 0.1585108 0.0565137 0.0784056 0.0648871 0.0700335 0.6331774 0.4881290 0.4893019 0.8344578 0.0335003 0.4302468 0.7827583 1.2452329 0.7827583 1.4380578 1.2869122 0.8166619 0.3733060 2.7607157 1.1950087 1.3144233 1.4208411 
lecanora.subimmergens.1_tyr531        0.5748972 0.2278723 0.1661861 0.2670255 0.1245605 0.5285289 1.5623977 0.3245042 0.5117732 0.5705734 0.1548853 0.9047838 0.3685705 0.5083869 0.6214494 1.0843094 0.7469706 1.0995997 0.4632750 0.0000000 0.1626696 0.4815836 0.5770878 0.1942037 0.2153316 0.5748972 0.8266207 0.2234657 0.3615077 0.4313787 0.4653106 0.5121454 0.5161665 0.8639967 0.4885867 0.5117732 0.7545373 0.3779876 0.4859801 0.4835918 0.4745417 0.6105946 0.5997729 0.0470593 0.8359727 0.4978122 0.5083869 0.8379889 0.5832339 1.0888467 0.4549999 0.1110441 0.0624544 0.6794634 0.2523198 0.4272794 0.6857193 0.5250925 0.7653504 0.7694474 0.8759638 0.4880613 0.4272794 0.5704696 0.5020067 0.4783488 0.5047872 0.5041720 0.4007578 0.5828218 0.2828206 0.8786076 0.0641131 0.5484077 0.1598234 1.0771689 0.4991609 0.4885867 0.4435620 0.4817895 0.2128566 0.6071109 0.5304590 0.7248576 0.3687523 0.4869091 0.4007578 0.3949492 0.5153662 0.4553380 0.7222404 0.5233034 0.8786076 0.4473631 0.8282663 0.2445772 0.0586982 0.0624544 0.4793270 0.9676573 0.0000010 0.4793270 0.7605100 0.1542514 0.7545373 0.4915637 0.2608504 0.8290791 0.2608504 0.6960083 0.5930507 0.5343905 0.5168484 0.7004691 0.4655745 0.5116570 0.7401445 0.6811606 0.1548853 0.5148124 0.4607174 0.9510195 0.3480363 0.7909736 0.2181149 0.8295529 0.5211340 0.4836078 0.4988594 0.3530164 0.4821733 0.4597975 0.4734621 0.5705734 1.0689039 1.1466327 0.4230418 0.4544572 0.4695089 0.4822675 0.2216238 0.4744267 0.6262746 0.4642152 0.4530087 1.3527494 0.0641131 0.6071109 0.4744267 0.3753118 0.5598930 0.4893490 0.3374743 0.0690806 0.1784926 0.9522383 0.5022265 0.5518135 0.8992834 1.0873094 0.8992834 1.5459854 1.3164980 0.8531343 0.7198658 2.9012436 1.2534282 1.4959467 1.3156931 
phaeophyscia.rubropulchra.1_tyr537    0.6185983 0.2178876 0.1974507 0.3374930 0.1028209 0.5069649 1.4901529 0.3733055 0.4535787 0.6044960 0.1766217 0.8692964 0.3109171 0.4673204 0.5571638 1.0635859 0.7154676 1.1159574 0.4893606 0.1626696 0.0000000 0.4549008 0.6871376 0.3104763 0.2401036 0.6185983 0.8911004 0.2217558 0.3245882 0.4764293 0.4408715 0.5106485 0.4807552 0.9663232 0.4593044 0.4535787 0.7601704 0.4821398 0.4583603 0.4292385 0.5062366 0.5796844 0.6168958 0.1684023 0.8527990 0.4609086 0.4673204 0.8657644 0.5753997 1.1087791 0.4667025 0.1393538 0.1751507 0.7012406 0.3217006 0.3431208 0.7461944 0.5006016 0.8204031 0.7204760 0.9289870 0.5671349 0.3431208 0.5257193 0.4691504 0.4383377 0.4575678 0.5165221 0.4598967 0.5713194 0.2691849 0.9108315 0.1655396 0.4887584 0.1350844 1.0486238 0.4732036 0.4593044 0.4466474 0.4626604 0.2355557 0.6261795 0.6584173 0.6331185 0.3822454 0.4899444 0.4598967 0.4536128 0.4860377 0.4468372 0.7131751 0.5269237 0.9108315 0.5122155 0.8929231 0.2766056 0.1701698 0.1751507 0.4432945 1.0035377 0.1626696 0.4432945 0.7117394 0.1670705 0.7601704 0.4595623 0.2490760 0.8319093 0.2490760 0.6857866 0.6281017 0.4892122 0.4724111 0.7849956 0.4527025 0.5069649 0.7425446 0.6967022 0.1766217 0.4585026 0.4405980 0.9424917 0.3778622 0.8396033 0.2032722 0.8992951 0.5598594 0.4484548 0.4773634 0.4168466 0.5029582 0.4649414 0.4503749 0.6044960 1.1941334 1.1528873 0.4449332 0.4344238 0.4574441 0.4426617 0.2409487 0.4445095 0.5446324 0.5058506 0.4464061 1.5504549 0.1655396 0.6261795 0.4445095 0.3470083 0.5567503 0.4554588 0.3570251 0.1845064 0.2057896 0.9526319 0.4595394 0.5557036 0.7486802 1.1886677 0.7486802 1.4091031 1.1366390 1.0011782 0.6275672 3.0752140 1.1537711 1.5316840 1.1604053 
parmeliaceae.sp..3_tyr570             0.5594320 0.4621494 0.3982866 0.5768430 0.4823726 0.2721547 1.4665692 0.6059231 0.0805412 0.5284699 0.3890865 0.9490611 0.0528611 0.2040608 0.2449819 1.0250122 0.6168946 1.2158202 0.0943725 0.4815836 0.4549008 0.0000000 0.7226023 0.5377050 0.4586248 0.5594320 0.7838506 0.5152677 0.7703788 0.3463173 0.0676343 0.0894735 0.2778818 0.8344482 0.0680158 0.0805412 0.6822932 0.2959959 0.0680808 0.0630761 0.1093084 0.1449714 0.5566439 0.4767683 0.7137615 0.0555712 0.2040608 0.7803773 0.3087149 1.2023086 0.0724594 0.4694828 0.4943759 0.6462810 0.5583968 0.0898054 0.4044537 0.6396936 0.6915618 0.6290796 0.9702367 0.3268943 0.0898054 0.1199134 0.0497384 0.0436118 0.0948945 0.0333993 0.2910835 0.0768692 0.5559230 0.7956450 0.5148868 0.0479028 0.4554928 1.0318826 0.0406948 0.0680158 0.0867274 0.0465685 0.4315154 0.1494208 0.4494696 0.3596316 0.1119997 0.1252589 0.2910835 0.2869255 0.1048685 0.0681482 0.5956104 0.4506402 0.7956450 0.2799104 0.7850716 0.5973419 0.4894729 0.4943759 0.0652703 1.0203889 0.4815836 0.0652703 0.6334272 0.4895520 0.6822932 0.0606319 0.5716201 0.7270583 0.5716201 0.6039275 0.5483316 0.1924941 0.0846234 0.7506222 0.0745356 0.2712543 0.6773257 0.4032074 0.3890865 0.0856629 0.0651541 0.8745157 0.5954848 0.7369704 0.5385042 0.8070021 0.1166665 0.0712320 0.0794638 0.6657823 0.0976452 0.0725045 0.0740038 0.5284699 1.1403506 1.1071477 0.0800272 0.0744359 0.0742956 0.0702315 0.5058327 0.0990667 0.3368906 0.0872459 0.0760523 1.7249553 0.5148868 0.1494208 0.0990667 0.0720798 0.1180629 0.0775813 0.6431046 0.4754443 0.4829827 0.8639455 0.0585214 0.3868741 0.6983595 1.1708682 0.6983595 1.3744930 1.1878967 0.8555043 0.3516579 2.7907636 1.1101198 1.3053848 1.4108579 
porpidia.macrocarpa.1_tyr578          0.7029528 0.7061775 0.6557483 0.6918194 0.6033775 0.6941199 1.3209214 0.7462685 0.7519168 0.6877106 0.6282675 0.8520989 0.7237925 0.7531501 0.8934518 1.0718428 0.7987031 1.1718890 0.7030850 0.5770878 0.6871376 0.7226023 0.0000000 0.5745702 0.7134529 0.7029528 0.8195164 0.6813801 0.9507381 0.5955925 0.7110509 0.6967853 0.6965919 0.4598564 0.7318797 0.7519168 0.3065555 0.5964999 0.7153987 0.7206772 0.7156757 0.9032307 0.7061530 0.5632278 0.3100023 0.7335618 0.7531501 0.3713607 0.7287010 1.1470990 0.6803271 0.5828664 0.5914359 0.7719920 0.6928895 0.7442832 0.8816911 0.9988549 0.3277736 0.8080162 0.9684615 0.5916632 0.7442832 0.8110739 0.7297662 0.7179292 0.7652112 0.6760792 0.6299500 0.7563917 0.7149237 0.7713383 0.6523617 0.7984184 0.6204819 1.1323627 0.7235603 0.7318797 0.6741332 0.7044763 0.6306163 0.8608843 0.6945482 1.0151194 0.7425245 0.6695815 0.6299500 0.6208305 0.7515248 0.6918254 0.7832284 0.7695136 0.7713383 0.6053447 0.8216368 0.6852418 0.5756421 0.5914359 0.7154263 1.1523369 0.5770878 0.7154263 0.8117905 0.6052848 0.3065555 0.6894093 0.7463170 0.7976924 0.7463170 0.8174656 0.6966497 0.8766032 0.7306333 0.4341424 0.6933878 0.6941199 0.7604404 0.8423614 0.6282675 0.7129436 0.7008081 0.8300065 0.7010030 0.8283907 0.6427558 0.4379693 0.7180700 0.7373839 0.7437715 0.7403441 0.7241284 0.7275171 0.6779983 0.6877106 0.9812728 1.0536332 0.6911237 0.6913954 0.6849407 0.6763559 0.6314547 0.6946006 0.8324081 0.7411636 0.6604698 1.2907125 0.6523617 0.8608843 0.6946006 0.6648939 0.7047421 0.7149521 0.8462278 0.5641203 0.6316647 0.9266527 0.6857535 0.8398917 0.8054908 1.1605682 0.8054908 1.4814695 1.3308657 0.4572576 1.0151194 2.9874406 1.1746221 1.2098516 1.5242385 
