20
endocarpon.pusillum.2_tyr309       0.0000000 0.8720083 0.0820804 2.0198038 0.6446103 2.1054675 0.6177486 0.5801071 0.1084043 0.5599018 0.6688047 0.5237600 1.4432377 2.1054675 0.7802632 0.6997173 2.1023445 1.1497909 0.7274248 2.3002258 
porpidia.contraponenda.1_tyr415    0.8720083 0.0000000 0.8828760 2.2364656 0.8125175 2.2439989 0.8038808 0.6698859 0.7882000 0.6206376 0.8295777 0.7799891 1.7310132 2.2439989 0.9163498 0.9818711 2.2571925 1.2214609 0.8134057 2.0125110 
endocarpon.pusillum.1_tyr746       0.0820804 0.8828760 0.0000000 2.2184319 0.6899420 2.2424463 0.6578057 0.7160868 0.1422047 0.6386833 0.7153172 0.5855480 1.5833165 2.2424463 0.8665890 0.7790120 2.2651243 1.2106174 0.8271592 2.4157104 
chaetothyriales.sp..1_tyr955       2.0198038 2.2364656 2.2184319 0.0000000 1.8674647 0.1726447 1.8283243 1.6148278 1.7315713 1.5232310 1.8339408 1.8610777 0.3096804 0.1726447 2.0955058 2.1994918 0.1700454 1.8631663 1.8359261 1.9472024 
umbilicaria.crustulosa.1_tyr1022   0.6446103 0.8125175 0.6899420 1.8674647 0.0000000 1.9164288 0.0787025 0.3482635 0.6779905 0.0188062 0.0242041 0.1641921 1.3948270 1.9164288 0.3725379 0.7083270 1.9171244 0.9804032 0.6620536 1.8762306 
muellerella.sp..1_tyr1325          2.1054675 2.2439989 2.2424463 0.1726447 1.9164288 0.0000000 1.9253731 1.7735781 1.8228993 1.6273329 1.9006825 1.8782850 0.2900315 0.0000010 2.1199757 2.2332834 0.0142532 1.9652543 1.9582882 2.0313312 
leprocaulales.sp..1_tyr1393        0.6177486 0.8038808 0.6578057 1.8283243 0.0787025 1.9253731 0.0000000 0.3494214 0.6811490 0.0684364 0.0856636 0.1505916 1.3635280 1.9253731 0.3546858 0.6977358 1.9260684 0.9448813 0.6553074 1.8941809 
umbilicaria.deusta.4_tyr2123       0.5801071 0.6698859 0.7160868 1.6148278 0.3482635 1.7735781 0.3494214 0.0000000 0.6125883 0.2993641 0.3502790 0.2002454 1.6336411 1.7735781 0.3793838 0.6231819 1.7675157 0.6512324 0.3927677 2.0606860 
endocarpon.pusillum.1_tyr2645      0.1084043 0.7882000 0.1422047 1.7315713 0.6779905 1.8228993 0.6811490 0.6125883 0.0000000 0.6443123 0.6751098 0.4545082 1.6073185 1.8228993 0.8170974 0.7075515 1.8013185 0.9263505 0.5553664 2.8412144 
umbilicaria.spodochroa.2_tyr2686   0.5599018 0.6206376 0.6386833 1.5232310 0.0188062 1.6273329 0.0684364 0.2993641 0.6443123 0.0000000 0.0188745 0.1638176 1.4607463 1.6273329 0.4395908 0.6328728 1.6211402 0.6974704 0.4318794 1.9391681 
umbilicaria.crustulosa.2_tyr2734   0.6688047 0.8295777 0.7153172 1.8339408 0.0242041 1.9006825 0.0856636 0.3502790 0.6751098 0.0188745 0.0000000 0.1788415 1.3611817 1.9006825 0.3837203 0.7253642 1.9013971 1.0054955 0.6758724 1.8906956 
dimelaena.oreina.1_tyr2942         0.5237600 0.7799891 0.5855480 1.8610777 0.1641921 1.8782850 0.1505916 0.2002454 0.4545082 0.1638176 0.1788415 0.0000000 1.3274250 1.8782850 0.2650627 0.7300158 1.8721944 0.9709865 0.5750493 2.0566784 
melanina.sp..2_tyr3167             1.4432377 1.7310132 1.5833165 0.3096804 1.3948270 0.2900315 1.3635280 1.6336411 1.6073185 1.4607463 1.3611817 1.3274250 0.0000000 0.2900315 1.5133793 1.5865278 0.2962311 1.2243335 1.2537181 1.6836732 
muellerella.sp..1_tyr3262          2.1054675 2.2439989 2.2424463 0.1726447 1.9164288 0.0000010 1.9253731 1.7735781 1.8228993 1.6273329 1.9006825 1.8782850 0.2900315 0.0000000 2.1199757 2.2332834 0.0142532 1.9652543 1.9582882 2.0313312 
rhizocarpon.subgeminatum.1_tyr3275 0.7802632 0.9163498 0.8665890 2.0955058 0.3725379 2.1199757 0.3546858 0.3793838 0.8170974 0.4395908 0.3837203 0.2650627 1.5133793 2.1199757 0.0000000 0.7256719 2.1232023 1.1971654 0.7828052 2.2620731 
endocarpon.pusillum.1_tyr3654      0.6997173 0.9818711 0.7790120 2.1994918 0.7083270 2.2332834 0.6977358 0.6231819 0.7075515 0.6328728 0.7253642 0.7300158 1.5865278 2.2332834 0.7256719 0.0000000 2.2204621 1.3639887 0.9928817 2.3861877 
muellerella.sp..1_tyr3721          2.1023445 2.2571925 2.2651243 0.1700454 1.9171244 0.0142532 1.9260684 1.7675157 1.8013185 1.6211402 1.9013971 1.8721944 0.2962311 0.0142532 2.1232023 2.2204621 0.0000000 1.9439479 1.9477018 2.0018664 
capepi1_1814                       1.1497909 1.2214609 1.2106174 1.8631663 0.9804032 1.9652543 0.9448813 0.6512324 0.9263505 0.6974704 1.0054955 0.9709865 1.2243335 1.9652543 1.1971654 1.3639887 1.9439479 0.0000000 1.1774839 2.3200454 
phachl1_tyr9076                    0.7274248 0.8134057 0.8271592 1.8359261 0.6620536 1.9582882 0.6553074 0.3927677 0.5553664 0.4318794 0.6758724 0.5750493 1.2537181 1.9582882 0.7828052 0.9928817 1.9477018 1.1774839 0.0000000 2.0277320 
penfla1_tyr8805                    2.3002258 2.0125110 2.4157104 1.9472024 1.8762306 2.0313312 1.8941809 2.0606860 2.8412144 1.9391681 1.8906956 2.0566784 1.6836732 2.0313312 2.2620731 2.3861877 2.0018664 2.3200454 2.0277320 0.0000000 
