89
phlyctis.petraea.1_tyr16               0.0000000 0.5616178 1.3926097 0.7486021 1.3926097 1.2364061 0.2719313 0.8390050 0.7649385 0.0890483 0.8015032 0.7861914 0.7274073 1.3328141 0.7850526 0.7004988 0.6282376 0.6282376 0.8687021 0.2713257 0.0824515 0.7650709 1.0687058 0.1124630 0.9640709 0.6768060 0.1733201 0.4805833 0.7771769 0.2868628 0.4174519 0.7500888 0.9338447 0.8532376 0.7831048 0.1173955 0.8108495 0.9108986 1.2973405 0.8484911 0.2841409 0.6256167 0.7877693 0.7344157 0.6857378 0.9108986 0.4426614 0.3603683 0.7698293 0.7850526 0.7728399 0.9861173 0.7524230 0.5144337 0.4540148 0.7347656 0.8414125 0.3521936 0.7555364 0.1562687 0.2950270 0.6797240 0.0424802 0.7409911 0.1334737 0.7621995 0.0887109 0.5108354 0.7097029 0.5091591 1.0579611 0.1138313 0.3643395 0.8278432 0.7376769 0.1662119 0.1292739 0.4279271 0.1693223 0.7427619 0.7627110 0.7513902 0.7513902 0.3310620 0.4465561 1.3270964 0.4582389 1.3270964 2.2791445 
gomphillus.calycioides.1_tyr105        0.5616178 0.0000000 1.4469885 0.8136231 1.4469885 1.4219424 0.9152341 0.9633708 1.2223363 0.5619442 0.8791268 0.8343139 0.8057808 1.4700913 0.8814658 0.7711161 0.2140903 0.2140903 1.0342474 0.7175684 0.6413659 0.7960612 1.1391694 0.6235129 1.1588567 0.6315171 0.7329125 0.4057407 0.9238208 0.8306360 0.7167051 0.7940448 1.1124990 0.9818066 0.9168905 0.6250443 0.8768242 1.0428375 1.3654325 1.0046417 0.6373958 0.5201685 0.9237684 0.8558338 0.8266805 1.0428375 0.3912504 0.6426681 0.6362754 0.8814658 0.8549276 1.2132503 0.8816398 0.7770563 0.3581950 0.8934131 0.9823750 0.6357325 0.8032839 0.6620658 0.8459755 1.0176734 0.6335113 0.7781535 0.7079316 0.8452965 0.5664166 0.4206270 0.8329204 1.1030123 1.1376600 0.6179629 0.6710308 1.0444329 0.7887739 0.7691186 0.6243779 0.3665974 0.7817716 0.7819533 0.9371518 0.8892742 0.8892742 0.6217845 0.4310067 1.4215490 0.4271475 1.4215490 2.1822084 
stictis.urceolata.1_tyr128             1.3926097 1.4469885 0.0000000 1.4646047 0.0000010 1.9691166 1.6337692 1.6707475 2.3723969 1.3817661 1.5909179 1.5371002 1.4256336 1.5532205 1.5602796 1.3736341 1.4181927 1.4181927 1.4525619 1.3752864 1.3082107 1.7788629 1.6289164 1.2967294 0.8810251 1.5064931 1.3867506 1.3053842 1.4750605 1.5667209 1.3730116 1.2998233 1.7589784 1.5386770 1.5230570 1.3187365 1.6716208 1.7790499 1.7239990 1.6181521 1.4170638 1.5916218 1.4961198 1.5532141 1.4668020 1.7790499 1.2876757 1.2713418 1.6027155 1.5602796 1.4496211 1.7944725 1.4551350 1.3162749 1.5624093 1.4452932 1.5375459 1.2399613 1.4732723 1.4049333 1.6774045 1.7685847 1.2980883 1.3365380 1.4205542 1.3553100 1.3765357 1.4649345 1.4253870 2.0518862 1.0087962 1.2974297 1.2987656 1.6008535 1.4918924 1.4236495 1.2881606 1.4712814 1.5236950 1.3722237 1.4894934 1.4183817 1.4183817 1.2525408 1.3938547 1.5919409 1.4773612 1.5919409 2.6187403 
xanthocarpia.ochracea.1_tyr156         0.7486021 0.8136231 1.4646047 0.0000000 1.4646047 1.4659894 1.0908520 0.4524375 1.0578333 0.7539600 0.4575275 0.0390654 0.3812053 1.6145810 0.4350670 0.4547078 0.8594079 0.8594079 1.0472896 0.8758846 0.7760682 1.0211253 0.6449603 0.8289215 1.2394125 0.9607861 0.8702915 0.8276378 0.4674241 0.9328509 0.9616472 1.1227347 0.6030494 0.5255933 0.4833606 0.8225480 0.5007101 0.5216774 1.3613117 1.0471598 0.8306847 0.9896774 0.5004130 0.4092030 0.3958978 0.5216774 0.7778042 0.7529639 1.0494831 0.4350670 0.4286484 0.7726776 0.4319982 0.8547322 0.8574159 0.3771691 0.5277035 0.7572783 0.5124617 0.8341878 1.0797348 1.1304713 0.7637006 0.4962452 0.8210868 1.1727126 0.7599262 0.8469276 0.4125852 1.4497216 1.2421931 0.8117690 0.8063456 0.4767972 0.4984760 0.8607347 0.7566965 0.7882473 0.9351269 0.4607032 0.4009607 0.3872298 0.3872298 0.7606993 0.8206573 1.3943803 0.7941347 1.3943803 2.2049486 
stictis.urceolata.2_tyr224             1.3926097 1.4469885 0.0000010 1.4646047 0.0000000 1.9691166 1.6337692 1.6707475 2.3723969 1.3817661 1.5909179 1.5371002 1.4256336 1.5532205 1.5602796 1.3736341 1.4181927 1.4181927 1.4525619 1.3752864 1.3082107 1.7788629 1.6289164 1.2967294 0.8810251 1.5064931 1.3867506 1.3053842 1.4750605 1.5667209 1.3730116 1.2998233 1.7589784 1.5386770 1.5230570 1.3187365 1.6716208 1.7790499 1.7239990 1.6181521 1.4170638 1.5916218 1.4961198 1.5532141 1.4668020 1.7790499 1.2876757 1.2713418 1.6027155 1.5602796 1.4496211 1.7944725 1.4551350 1.3162749 1.5624093 1.4452932 1.5375459 1.2399613 1.4732723 1.4049333 1.6774045 1.7685847 1.2980883 1.3365380 1.4205542 1.3553100 1.3765357 1.4649345 1.4253870 2.0518862 1.0087962 1.2974297 1.2987656 1.6008535 1.4918924 1.4236495 1.2881606 1.4712814 1.5236950 1.3722237 1.4894934 1.4183817 1.4183817 1.2525408 1.3938547 1.5919409 1.4773612 1.5919409 2.6187403 
agyrium.rufum.1_tyr287                 1.2364061 1.4219424 1.9691166 1.4659894 1.9691166 0.0000000 1.5242067 1.4630046 2.1064608 1.2750946 1.5008803 1.4599208 1.4787885 1.8403843 1.4200109 1.2858387 1.4282080 1.4282080 1.2755804 1.2976064 1.2565632 1.7448649 1.6809377 1.3069577 1.7784237 1.9339223 1.2053074 1.4368721 1.4169282 1.4939815 1.2955317 1.2645539 1.5782252 1.5774872 1.5060085 1.2944075 1.5546151 1.5447040 1.8260964 1.3597360 1.3811322 1.6298075 1.6060029 1.4506942 1.3225628 1.5447040 1.3502147 1.3153857 1.7454835 1.4200109 1.4747905 1.6360656 1.3973734 1.4367716 1.4509398 1.3893239 1.5378439 1.3169130 1.3398547 1.3826288 1.5933635 1.7910182 1.2084153 1.3112653 1.3059287 1.3213103 1.2749687 1.4377586 1.2739850 1.6874195 1.9111402 1.2957379 1.3259930 1.7375364 1.3341617 1.3846300 1.2874545 1.3753592 1.4338600 1.3217927 1.5138584 1.5042214 1.5042214 1.3263601 1.3425496 1.8092828 1.4408027 1.8092828 2.3749787 
cladonia.rangiferina.1_tyr305          0.2719313 0.9152341 1.6337692 1.0908520 1.6337692 1.5242067 0.0000000 1.2331981 0.9664571 0.3315324 1.1484261 1.1342738 1.0135138 1.6382599 1.1521811 1.1088981 0.9918503 0.9918503 1.2859822 0.5266844 0.3366868 0.9787082 1.3596088 0.3934273 1.2071818 1.0008436 0.4265566 0.7992552 1.0873571 0.5862968 0.7233232 1.1608900 1.2459298 1.1791689 1.1316869 0.3775796 1.2132783 1.3255916 1.5383403 1.1119052 0.5338515 0.9195773 1.1793224 1.0847483 0.9996640 1.3255916 0.7472159 0.6242961 1.0934209 1.1521811 1.1220190 1.3457065 1.1076025 0.8494981 0.7800351 1.0373971 1.1622845 0.6322224 1.0844686 0.4019067 0.6359188 1.0295770 0.2905995 1.0716242 0.3741724 1.1747453 0.3315324 0.8405900 1.0416850 0.6676748 1.4045680 0.3835108 0.6299074 1.1975104 1.0539386 0.4110436 0.4041599 0.6592730 0.3319507 1.0942471 1.0602459 1.0333299 1.0333299 0.6118116 0.7164409 1.5889833 0.6460308 1.5889833 2.4378828 
teloschistes.exilis.3_tyr394           0.8390050 0.9633708 1.6707475 0.4524375 1.6707475 1.4630046 1.2331981 0.0000000 1.2031156 0.8259512 0.3699445 0.4651555 0.4438653 1.8459194 0.3279274 0.5960188 0.9921463 0.9921463 1.2023692 1.0246948 0.8721602 1.0753671 0.7823615 0.9363809 1.4213365 1.1531225 1.0279230 0.9867887 0.4735658 1.1038638 1.0398355 1.1512032 0.7044082 0.6143454 0.5715731 0.9098530 0.6366837 0.0681266 1.5465854 1.2529395 0.8946180 1.1558127 0.6166710 0.3168007 0.4765973 0.0681266 0.9450595 0.8475072 1.1742568 0.3279274 0.3512933 0.8805033 0.5513112 1.0020981 0.9894055 0.4453525 0.6158194 0.8397375 0.6267339 0.9127176 1.1914413 1.2621894 0.8845286 0.5947619 0.9735640 1.1893780 0.8331095 0.9923920 0.5098348 1.4769773 1.4347373 0.9112301 0.8914391 0.4208332 0.6116150 0.9908367 0.9093475 0.8589066 1.0012933 0.5928568 0.5395522 0.5067396 0.5067396 0.8511927 0.9325218 1.6167913 0.8583043 1.6167913 2.1131567 
acarospora.sp..1_tyr498                0.7649385 1.2223363 2.3723969 1.0578333 2.3723969 2.1064608 0.9664571 1.2031156 0.0000000 0.9554836 1.0268142 1.1207662 1.0324793 2.3779687 1.0848810 1.2366499 1.1192515 1.1192515 1.6587587 1.0443997 0.8495608 1.3368064 1.2876137 0.9127855 1.7487079 1.1010347 0.8695611 1.3017740 1.0158308 1.6378660 1.1127022 1.3392520 1.2782985 1.1322462 1.1748903 0.9291880 1.1069133 1.3065880 2.4554756 1.6938326 0.8463801 1.1934293 1.1510619 1.0035315 1.0376706 1.3065880 1.0480579 0.8112030 1.2981588 1.0848810 0.9929933 1.2610803 1.2574363 1.0813165 1.0708900 1.1364904 1.1126835 0.7866338 1.1852894 0.9978433 1.5760606 0.8612076 0.7926259 1.2533545 1.0256319 1.4294018 0.9554836 1.0090827 1.0485674 1.0571808 1.8720246 0.9157655 0.7745161 1.1916066 1.1474203 0.9978433 0.9938717 1.0143485 0.8390616 1.2016946 1.0536723 1.0536723 1.0536723 0.7866338 1.1444247 2.1192666 0.9533771 2.1192666 3.2425798 
teloschistes.exilis.3_tyr560           0.0890483 0.5619442 1.3817661 0.7539600 1.3817661 1.2750946 0.3315324 0.8259512 0.9554836 0.0000000 0.8131502 0.7857185 0.7275088 1.3407389 0.7914050 0.6961183 0.6361885 0.6361885 0.8849354 0.2999772 0.1046631 0.7602282 1.0578360 0.1203886 0.9663047 0.7147454 0.1881254 0.4733604 0.8103108 0.1512276 0.4414386 0.7433265 0.9355116 0.8404597 0.7724022 0.1250142 0.7859037 0.9027201 1.3424333 0.8656719 0.2873920 0.6481269 0.7953045 0.7575143 0.6798297 0.9027201 0.4297854 0.3798053 0.7928351 0.7914050 0.7705438 0.9955891 0.7602348 0.5177094 0.4537616 0.7149033 0.8286879 0.3674208 0.7702368 0.1535850 0.3279571 0.7867669 0.0906170 0.7343377 0.0658515 0.7630218 0.0040508 0.5033234 0.6961123 0.5618342 1.0621672 0.1214358 0.4031305 0.8139548 0.7525973 0.1581923 0.0326910 0.4138374 0.2427010 0.7384473 0.7526557 0.7419853 0.7419853 0.3456028 0.4275954 1.3576602 0.4552309 1.3576602 2.1782591 
teloschistes.peruensis.1_tyr623        0.8015032 0.8791268 1.5909179 0.4575275 1.5909179 1.5008803 1.1484261 0.3699445 1.0268142 0.8131502 0.0000000 0.4913809 0.4555693 1.5497492 0.1091541 0.5241451 0.9174063 0.9174063 1.1810387 0.9023144 0.8099713 1.0580969 0.7717239 0.8659604 1.3668759 1.0746877 0.8860661 0.9221474 0.3815238 1.0228009 0.9492952 1.1298617 0.7235741 0.6394015 0.6011802 0.8636391 0.6073581 0.4218889 1.4124500 1.2921144 0.8313346 1.0218563 0.5761741 0.0871669 0.5261058 0.4218889 0.8841712 0.7260674 1.1581016 0.1091541 0.1005534 0.9048744 0.5673613 0.9138708 1.0004963 0.4279000 0.6443313 0.7218498 0.5836203 0.8792162 1.1092874 1.1113773 0.8164422 0.5220315 0.8968077 1.1863645 0.8195734 0.9271982 0.5043559 1.3698645 1.4188122 0.8560278 0.7932504 0.3472176 0.5626785 0.9024157 0.8631243 0.8768112 0.9582211 0.5230574 0.5842581 0.5547284 0.5547284 0.7207116 0.8588400 1.3583721 0.8932396 1.3583721 2.2547982 
xanthoria.sp..2_tyr633                 0.7861914 0.8343139 1.5371002 0.0390654 1.5371002 1.4599208 1.1342738 0.4651555 1.1207662 0.7857185 0.4913809 0.0000000 0.3828066 1.6333524 0.4620669 0.4911019 0.8823494 0.8823494 1.0768403 0.9081640 0.8079942 1.0681007 0.6318117 0.8594680 1.2606790 1.0065025 0.9041749 0.8936548 0.4780823 0.9495368 1.0079788 1.1081648 0.5700954 0.5019364 0.4605753 0.8519146 0.4784076 0.5354292 1.4032022 1.0681481 0.8476283 1.0297511 0.4877112 0.4449567 0.4045336 0.5354292 0.8220036 0.7776990 1.1006397 0.4620669 0.4649164 0.7390140 0.4445797 0.9043502 0.9101232 0.3517074 0.5038693 0.7784612 0.5502403 0.8529335 1.1041754 1.1411079 0.8006839 0.5382988 0.8352900 1.1560615 0.7919265 0.8931836 0.3910356 1.4960881 1.2849373 0.8409640 0.8409370 0.5220095 0.4964289 0.8754092 0.7667818 0.8215567 0.9843658 0.4947317 0.4355092 0.4197302 0.4197302 0.7867782 0.8528595 1.4675781 0.8261270 1.4675781 2.2161399 
kuettlingeria.erythrocarpa.1_tyr701    0.7274073 0.8057808 1.4256336 0.3812053 1.4256336 1.4787885 1.0135138 0.4438653 1.0324793 0.7275088 0.4555693 0.3828066 0.0000000 1.5309247 0.4448853 0.3982353 0.8529328 0.8529328 1.0634369 0.8343824 0.7443692 0.9585870 0.4966421 0.7690714 1.1523745 0.9720822 0.8110590 0.8189972 0.4064764 0.9537701 0.8496187 1.0151961 0.4752766 0.3923491 0.3519795 0.7804817 0.3579714 0.5244549 1.3193802 1.0737999 0.7762351 0.9804721 0.3767613 0.4328054 0.2762151 0.5244549 0.7443090 0.6690806 0.9067048 0.4448853 0.4614957 0.6585318 0.3230026 0.8048282 0.8647920 0.2817158 0.4068914 0.6480177 0.4581358 0.7921440 1.0565344 0.8942053 0.7452568 0.4582794 0.7988877 1.0364761 0.7241144 0.8326039 0.3138792 1.3321155 1.1998935 0.7764860 0.7269616 0.5152878 0.4379825 0.8258250 0.7795476 0.7394629 0.8926624 0.3962347 0.2901837 0.2772107 0.2772107 0.6578090 0.7670103 1.4315204 0.7655372 1.4315204 2.0766796 
umbilicaria.iberica.1_tyr757           1.3328141 1.4700913 1.5532205 1.6145810 1.5532205 1.8403843 1.6382599 1.8459194 2.3779687 1.3407389 1.5497492 1.6333524 1.5309247 0.0000000 1.5894901 1.2605817 1.6770618 1.6770618 1.3523840 1.4659148 1.4244907 1.5616099 1.8141106 1.5132179 1.3169397 1.4467200 1.6277613 1.4036341 1.4252908 2.0097233 1.4900799 1.4481077 1.5433242 1.6221365 1.6152635 1.5071571 1.5702495 1.8238371 1.7103924 1.2954440 1.2976635 1.4005952 1.6067993 1.5236409 1.5549038 1.8238371 1.4408634 1.3701740 1.9241524 1.5894901 1.5717387 1.9004627 1.4936921 1.4366420 1.6429329 1.5524207 1.5828613 1.3626675 1.4809918 1.5659887 1.3019260 1.9023476 1.4745864 1.3711082 1.5149832 1.5516836 1.3337189 1.6185114 1.5711672 2.0240848 1.4758840 1.4858979 1.3883626 1.6951591 1.3696806 1.5920518 1.5106594 1.3641704 1.5632854 1.3752197 1.5845091 1.5014523 1.5014523 1.3844450 1.4382896 0.0751375 1.4381429 0.0751375 1.8806355 
teloschistes.exilis.1_tyr919           0.7850526 0.8814658 1.5602796 0.4350670 1.5602796 1.4200109 1.1521811 0.3279274 1.0848810 0.7914050 0.1091541 0.4620669 0.4448853 1.5894901 0.0000000 0.5367022 0.9232084 0.9232084 1.1195941 0.9023639 0.7960128 1.0689370 0.7771586 0.8512236 1.3345049 1.0378649 0.8500563 0.9205822 0.3970340 0.9762781 0.9410961 1.1328863 0.6796472 0.6193252 0.5765559 0.8494231 0.5824953 0.3927726 1.4173227 1.2605930 0.8423681 1.0200569 0.5448357 0.0293273 0.5073742 0.3927726 0.9022327 0.7227879 1.1152720 0.0000010 0.0710019 0.8976356 0.5510213 0.8727221 0.9966818 0.4190575 0.6241340 0.7179549 0.5910420 0.8464989 1.0779804 1.1243647 0.8005440 0.5399646 0.8901252 1.1964211 0.7976608 0.9204644 0.4923796 1.3672401 1.3768215 0.8417913 0.7989686 0.3308524 0.5703390 0.8688185 0.8339680 0.8551947 0.9634762 0.5374857 0.5745613 0.5388045 0.5388045 0.7168194 0.8430997 1.3848552 0.8902006 1.3848552 2.2607435 
teloschistes.chrysophthalmus.1_tyr980  0.7004988 0.7711161 1.3736341 0.4547078 1.3736341 1.2858387 1.1088981 0.5960188 1.2366499 0.6961183 0.5241451 0.4911019 0.3982353 1.2605817 0.5367022 0.0000000 0.8359123 0.8359123 0.9865256 0.8003748 0.7177396 0.9938316 0.7082683 0.7841949 1.0111687 1.0112645 0.8611657 0.8475630 0.5617011 0.8931782 0.9457409 0.9576755 0.6820563 0.6129682 0.5306855 0.7744107 0.5569036 0.6687347 1.2971343 1.0283859 0.8095061 0.8828784 0.5462195 0.5080574 0.3794854 0.6687347 0.7267629 0.7537173 1.0343689 0.5367022 0.5237630 0.7670810 0.5201258 0.8736817 0.8581938 0.4398597 0.6072245 0.7451606 0.0864527 0.7706632 1.0989781 1.2321588 0.7281396 0.0870588 0.8097489 1.0032575 0.7021189 0.7662163 0.3902921 1.3759929 1.1281004 0.7825668 0.7423778 0.5608237 0.0842366 0.8220271 0.7440794 0.7996725 0.8881152 0.0600038 0.3990039 0.4015324 0.4015324 0.7396080 0.7953785 1.3015143 0.8026676 1.3015143 2.2645719 
gomphillus.americanus.1_tyr1053        0.6282376 0.2140903 1.4181927 0.8594079 1.4181927 1.4282080 0.9918503 0.9921463 1.1192515 0.6361885 0.9174063 0.8823494 0.8529328 1.6770618 0.9232084 0.8359123 0.0000000 0.0000010 1.1975546 0.7301044 0.6847625 0.8248590 1.1686456 0.6903347 1.1661604 0.7425182 0.7176432 0.5216190 1.0037954 0.9492856 0.7294845 0.8359777 1.1313027 1.0028866 0.9407237 0.6861659 0.9083208 1.0756109 1.4357623 1.1684862 0.6511792 0.5899449 0.9604540 0.9105870 0.8222543 1.0756109 0.4587755 0.6586345 0.7753495 0.9232084 0.9143032 1.2750559 0.8935642 0.8080329 0.4610797 0.8904328 0.9970273 0.6707330 0.8814771 0.7168535 0.9108763 0.9499376 0.6796315 0.8129750 0.7529877 0.8919424 0.6409462 0.4941909 0.8288155 1.1582852 1.1534841 0.6826619 0.6847381 1.1191616 0.8628189 0.8051517 0.7042591 0.4044800 0.8268677 0.8383771 0.9439616 0.9073718 0.9073718 0.6599721 0.5360463 1.5579485 0.4674610 1.5579485 2.1506607 
gomphillus.americanus.2_tyr1205        0.6282376 0.2140903 1.4181927 0.8594079 1.4181927 1.4282080 0.9918503 0.9921463 1.1192515 0.6361885 0.9174063 0.8823494 0.8529328 1.6770618 0.9232084 0.8359123 0.0000010 0.0000000 1.1975546 0.7301044 0.6847625 0.8248590 1.1686456 0.6903347 1.1661604 0.7425182 0.7176432 0.5216190 1.0037954 0.9492856 0.7294845 0.8359777 1.1313027 1.0028866 0.9407237 0.6861659 0.9083208 1.0756109 1.4357623 1.1684862 0.6511792 0.5899449 0.9604540 0.9105870 0.8222543 1.0756109 0.4587755 0.6586345 0.7753495 0.9232084 0.9143032 1.2750559 0.8935642 0.8080329 0.4610797 0.8904328 0.9970273 0.6707330 0.8814771 0.7168535 0.9108763 0.9499376 0.6796315 0.8129750 0.7529877 0.8919424 0.6409462 0.4941909 0.8288155 1.1582852 1.1534841 0.6826619 0.6847381 1.1191616 0.8628189 0.8051517 0.7042591 0.4044800 0.8268677 0.8383771 0.9439616 0.9073718 0.9073718 0.6599721 0.5360463 1.5579485 0.4674610 1.5579485 2.1506607 
pertusaria.plittiana.1_tyr1206         0.8687021 1.0342474 1.4525619 1.0472896 1.4525619 1.2755804 1.2859822 1.2023692 1.6587587 0.8849354 1.1810387 1.0768403 1.0634369 1.3523840 1.1195941 0.9865256 1.1975546 1.1975546 0.0000000 0.9851357 0.9161615 1.1630091 1.3733461 0.9589488 1.1441705 1.1748654 0.9323711 1.0017483 1.1978458 1.1622133 0.9688602 1.0204027 1.1811250 1.1762553 1.1268461 0.9684340 1.1591080 1.2492735 1.3962938 0.1901612 0.9484421 1.1270394 1.1095644 1.0904060 1.0312120 1.2492735 0.9810124 0.9184853 1.1909567 1.1195941 1.1094707 1.4599093 1.1072545 1.0780046 1.0746718 1.0320352 1.1611493 0.8902701 1.0539132 1.0034890 1.1706974 1.5017251 0.9312126 0.9390213 1.0017819 1.0867354 0.8833507 1.0914652 1.0890968 1.4956720 1.1662864 0.9596507 0.9472573 1.1610163 1.0380797 1.0921610 0.9312309 0.9934166 1.1223687 1.0079919 1.1498554 1.1068421 1.1068421 0.8895014 0.9263799 1.2517085 1.0077723 1.2517085 2.0166148 
byssoloma.meadii.1_tyr1250             0.2713257 0.7175684 1.3752864 0.8758846 1.3752864 1.2976064 0.5266844 1.0246948 1.0443997 0.2999772 0.9023144 0.9081640 0.8343824 1.4659148 0.9023639 0.8003748 0.7301044 0.7301044 0.9851357 0.0000000 0.2590381 0.7757329 1.1182039 0.2908858 1.1532627 0.8220556 0.3635525 0.6221588 0.8889085 0.4663556 0.4582592 0.8344662 1.0229291 0.9744336 0.9178602 0.2844810 0.8746533 1.0849645 1.3334852 0.8936858 0.2324387 0.6907531 0.9128348 0.8728505 0.7836688 1.0849645 0.5866721 0.4192806 0.8540488 0.9023639 0.8749987 1.2784562 0.9284839 0.5571592 0.6553209 0.8289342 0.9659609 0.4104196 0.8546192 0.3281345 0.4864250 0.7879882 0.2541456 0.8374142 0.3173727 0.8484545 0.2991383 0.6463733 0.7928457 0.7034068 1.2213045 0.2870162 0.4469596 0.9487928 0.8186484 0.3359325 0.3434169 0.5253145 0.3849414 0.8241716 0.8793899 0.8708000 0.8708000 0.4086862 0.6011070 1.3093087 0.5639373 1.3093087 2.3197087 
lecanorales.sp..6_tyr1295              0.0824515 0.6413659 1.3082107 0.7760682 1.3082107 1.2565632 0.3366868 0.8721602 0.8495608 0.1046631 0.8099713 0.8079942 0.7443692 1.4244907 0.7960128 0.7177396 0.6847625 0.6847625 0.9161615 0.2590381 0.0000000 0.7364338 1.0331159 0.1459044 1.0027611 0.7336969 0.1897860 0.5180188 0.8019640 0.2844151 0.4207923 0.8085840 0.9580472 0.8634025 0.8093222 0.1447826 0.8141528 0.9206313 1.3643831 0.8549713 0.2799879 0.6071957 0.7950401 0.7698083 0.7185221 0.9206313 0.4976804 0.3545152 0.8443790 0.7960128 0.7997483 1.1458488 0.7850035 0.5448451 0.5327017 0.7185870 0.8539522 0.3634893 0.7785566 0.1377169 0.2830827 0.7144684 0.0851026 0.7431474 0.1484985 0.8522585 0.1042726 0.5674891 0.7279375 0.5685181 1.0213150 0.1419914 0.3984045 0.8690587 0.7282730 0.1574052 0.1728492 0.4443366 0.2430519 0.7388656 0.7774479 0.7650026 0.7650026 0.3636102 0.5082150 1.2766143 0.4817339 1.2766143 2.2722303 
pseudosagedia.sp..1_tyr1320            0.7650709 0.7960612 1.7788629 1.0211253 1.7788629 1.7448649 0.9787082 1.0753671 1.3368064 0.7602282 1.0580969 1.0681007 0.9585870 1.5616099 1.0689370 0.9938316 0.8248590 0.8248590 1.1630091 0.7757329 0.7364338 0.0000000 1.3642477 0.7574538 1.3422633 0.9084023 0.8699427 0.8285295 1.1019503 0.8824682 0.6915856 0.8807670 1.2666247 1.2232602 1.1786625 0.7793749 1.1031547 1.1783841 1.4524594 1.2174451 0.7882832 0.9816980 1.1885693 1.0363022 1.0278549 1.1783841 0.7409111 0.6637854 1.0741374 1.0689370 1.0532516 1.4414216 1.1273906 0.7693075 0.7906342 1.0003225 1.2011617 0.6876779 1.0511173 0.9245402 1.1221280 1.1512142 0.7550384 1.0784470 0.8343182 0.8954675 0.7570924 0.8382671 0.9786922 1.3416623 1.4003649 0.7782702 0.6694061 1.1609109 1.0815482 0.9457974 0.7398222 0.7608029 0.8791504 1.0411297 1.0993105 1.0953531 1.0953531 0.6603875 0.8729583 1.5978871 0.7899533 1.5978871 2.3964407 
calogaya.arnoldii.2_tyr1401            1.0687058 1.1391694 1.6289164 0.6449603 1.6289164 1.6809377 1.3596088 0.7823615 1.2876137 1.0578360 0.7717239 0.6318117 0.4966421 1.8141106 0.7771586 0.7082683 1.1686456 1.1686456 1.3733461 1.1182039 1.0331159 1.3642477 0.0000000 1.0285917 1.4048468 1.2916153 1.1124214 1.1292181 0.7222470 1.2219246 1.2200872 1.3445239 0.4430490 0.3791235 0.3428892 1.0447197 0.2094129 0.8598438 1.5811493 1.4895696 1.0777130 1.2759024 0.3575718 0.7406245 0.3891583 0.8598438 1.0709129 0.9803331 1.2373236 0.7771586 0.7683580 0.5203089 0.3824016 1.1644752 1.1838030 0.4366816 0.3953174 0.9492358 0.8163051 1.0317599 1.4189589 1.3709947 1.0443152 0.8290800 1.0928098 1.3814265 1.0663715 1.1079942 0.4525269 1.7354940 1.4758133 1.0322328 1.0324198 0.8069806 0.7879582 1.0881693 1.0269932 1.1136118 1.2723148 0.7586660 0.3548519 0.3541981 0.3541981 0.9749999 1.1168181 1.7297555 1.0895136 1.7297555 2.4852581 
teloschistes.chrysophthalmus.1_tyr1428 0.1124630 0.6235129 1.2967294 0.8289215 1.2967294 1.3069577 0.3934273 0.9363809 0.9127855 0.1203886 0.8659604 0.8594680 0.7690714 1.5132179 0.8512236 0.7841949 0.6903347 0.6903347 0.9589488 0.2908858 0.1459044 0.7574538 1.0285917 0.0000000 1.0253497 0.6899386 0.2262391 0.5520505 0.8737828 0.2786646 0.4693847 0.8365131 0.9928193 0.8901791 0.8192969 0.0035476 0.8704817 0.9969782 1.3745491 0.8795507 0.2881882 0.6262177 0.8240106 0.8313369 0.7225562 0.9969782 0.4986997 0.3836824 0.7889023 0.8512236 0.8471622 1.1648574 0.8214662 0.6129627 0.5620347 0.7587501 0.8985762 0.3753516 0.8103215 0.1061969 0.3655215 0.7315594 0.1178709 0.7466345 0.1793849 0.8820412 0.1199300 0.5900879 0.7353546 0.5566645 1.0527715 0.0071049 0.4157602 0.9086796 0.7972046 0.1263890 0.1990846 0.3934257 0.2777833 0.7879447 0.7767329 0.7635650 0.7635650 0.3754399 0.5252595 1.3912711 0.4285675 1.3912711 2.2648925 
stictis.urceolata.1_tyr1442            0.9640709 1.1588567 0.8810251 1.2394125 0.8810251 1.7784237 1.2071818 1.4213365 1.7487079 0.9663047 1.3668759 1.2606790 1.1523745 1.3169397 1.3345049 1.0111687 1.1661604 1.1661604 1.1441705 1.1532627 1.0027611 1.3422633 1.4048468 1.0253497 0.0000000 1.1761347 1.0967553 1.1549281 1.3042886 1.3921262 1.0831152 1.0897451 1.3118503 1.2547884 1.2303395 1.0300906 1.2858536 1.4788691 1.5610812 1.0532860 1.0508736 1.3122973 1.2454561 1.3000595 1.2003707 1.4788691 1.0799542 1.0732136 1.1926719 1.3345049 1.2407286 1.5046796 1.1633188 1.1626124 1.2361141 1.2060000 1.2430558 1.0604309 1.0958348 1.0026984 1.3085210 1.3987749 1.0449522 1.0059454 1.1295307 1.1389472 0.9621343 1.2186670 1.1834892 1.6395785 0.0038800 1.0161906 1.1214454 1.3647203 1.1140340 1.0987953 1.0559362 1.0744141 1.1519280 1.0452442 1.1619381 1.0990794 1.0990794 1.0344237 1.1392891 1.3542844 1.1856093 1.3542844 2.3156323 
acanthothecis.fontana.1_tyr1446        0.6768060 0.6315171 1.5064931 0.9607861 1.5064931 1.9339223 1.0008436 1.1531225 1.1010347 0.7147454 1.0746877 1.0065025 0.9720822 1.4467200 1.0378649 1.0112645 0.7425182 0.7425182 1.1748654 0.8220556 0.7336969 0.9084023 1.2916153 0.6899386 1.1761347 0.0000000 0.7912023 0.5803544 1.0687188 0.9779993 0.9641733 0.9621507 1.2721477 1.1273178 1.0411531 0.6716289 1.0925912 1.2283759 1.5616822 1.1302066 0.7521592 0.6592420 1.1085981 0.9995888 0.9171435 1.2283759 0.6586035 0.7535153 0.8184826 1.0378649 1.0269979 1.3537679 1.0067082 0.7731778 0.5700022 0.9963436 1.1313874 0.7789914 1.0870218 0.7973887 1.0575181 1.2661894 0.7033178 1.0238754 0.8030687 1.0212982 0.7203911 0.6347788 0.9619558 1.2922882 1.1772282 0.6762568 0.7971897 1.0839695 1.0956089 0.8301543 0.7728648 0.6267720 0.8564419 1.0480650 0.9863283 1.0091738 1.0091738 0.7465947 0.5729623 1.4494468 0.6814802 1.4494468 2.4624117 
letharia.columbiana.1_tyr1459          0.1733201 0.7329125 1.3867506 0.8702915 1.3867506 1.2053074 0.4265566 1.0279230 0.8695611 0.1881254 0.8860661 0.9041749 0.8110590 1.6277613 0.8500563 0.8611657 0.7176432 0.7176432 0.9323711 0.3635525 0.1897860 0.8699427 1.1124214 0.2262391 1.0967553 0.7912023 0.0000000 0.6046905 0.9453928 0.3998119 0.5136508 0.8863040 1.0240389 0.9056077 0.8222203 0.2237640 0.8826551 1.0662334 1.3949274 0.8495462 0.3245185 0.7283245 0.8981671 0.8256896 0.7647943 1.0662334 0.6033481 0.4032803 0.9213876 0.8500563 0.8421110 1.2650779 0.8076420 0.6488421 0.6785129 0.7671020 0.9070157 0.3897197 0.8948178 0.2004953 0.2947503 0.6209121 0.1754704 0.8463494 0.2412762 0.9107409 0.1873445 0.6824081 0.7466398 0.6421682 1.1481413 0.2239955 0.4545913 0.9857440 0.8469525 0.2460166 0.2592926 0.4573375 0.3660473 0.8649166 0.8014354 0.8044037 0.8044037 0.4038667 0.6086872 1.3987666 0.4793776 1.3987666 2.0851541 
fissurina.insidiosa.1_tyr1461          0.4805833 0.4057407 1.3053842 0.8276378 1.3053842 1.4368721 0.7992552 0.9867887 1.3017740 0.4733604 0.9221474 0.8936548 0.8189972 1.4036341 0.9205822 0.8475630 0.5216190 0.5216190 1.0017483 0.6221588 0.5180188 0.8285295 1.1292181 0.5520505 1.1549281 0.5803544 0.6046905 0.0000000 0.8247391 0.5591120 0.5815453 0.7340228 1.0962952 0.9728336 0.8877670 0.5447315 0.8974469 1.0984732 1.4049069 0.9853521 0.5786924 0.4313631 0.8941743 0.8965258 0.8111556 1.0984732 0.3443926 0.5643723 0.6482400 0.9205822 0.9092168 1.1994966 0.8434356 0.6890556 0.3834257 0.8727775 0.9663837 0.5783002 0.9107439 0.5923449 0.7702047 1.0609075 0.5327729 0.8920930 0.5601025 0.7677894 0.4777362 0.3354703 0.8263691 0.9385245 1.1382530 0.5447315 0.5907166 1.0033922 0.8993060 0.6770257 0.5554633 0.3716593 0.6468911 0.8314842 0.9044697 0.8532272 0.8532272 0.5775088 0.3204536 1.3327687 0.4216812 1.3327687 2.0730285 
teloschistes.peruensis.1_tyr1536       0.7771769 0.9238208 1.4750605 0.4674241 1.4750605 1.4169282 1.0873571 0.4735658 1.0158308 0.8103108 0.3815238 0.4780823 0.4064764 1.4252908 0.3970340 0.5617011 1.0037954 1.0037954 1.1978458 0.8889085 0.8019640 1.1019503 0.7222470 0.8737828 1.3042886 1.0687188 0.9453928 0.8247391 0.0000000 0.8121600 0.9577850 1.1818199 0.5660885 0.5253603 0.5308333 0.8633995 0.5450420 0.5587791 1.4099364 1.2125358 0.8330060 1.0449201 0.5024276 0.3816045 0.4606162 0.5587791 0.8823967 0.7708987 1.0546426 0.3970340 0.4118041 0.7955549 0.5262803 0.9378248 0.9921822 0.4684869 0.5111598 0.7475692 0.6094984 0.9189297 1.1334873 1.0553217 0.7618009 0.5184513 0.8802426 1.2282839 0.8183004 0.8716017 0.4879659 1.2310385 1.3044584 0.8633995 0.7852903 0.4190937 0.5810653 0.9253501 0.8211400 0.8546686 0.9628368 0.5268092 0.5594984 0.5164886 0.5164886 0.7483382 0.8201273 1.3951695 0.8349765 1.3951695 2.2652523 
teloschistes.exilis.2_tyr1555          0.2868628 0.8306360 1.5667209 0.9328509 1.5667209 1.4939815 0.5862968 1.1038638 1.6378660 0.1512276 1.0228009 0.9495368 0.9537701 2.0097233 0.9762781 0.8931782 0.9492856 0.9492856 1.1622133 0.4663556 0.2844151 0.8824682 1.2219246 0.2786646 1.3921262 0.9779993 0.3998119 0.5591120 0.8121600 0.0000000 0.4253527 1.1350568 1.1578671 1.0340769 0.9675256 0.3041598 0.9417139 1.2005591 1.5352656 1.1654100 0.4801336 0.9122875 0.9451555 0.9720460 0.8677104 1.2005591 0.6840915 0.5031162 0.8626994 0.9762781 0.9646915 1.3504795 1.0328089 0.7261285 0.7680098 0.9015619 1.0428304 0.4489269 1.0472346 0.2859272 0.6156694 0.9070081 0.2518250 0.9685602 0.1963415 1.1646959 0.1580048 0.7733055 0.8860661 0.8906290 1.1817681 0.3041598 0.5037746 0.9684516 1.0279739 0.2957373 0.1472682 0.6444561 0.4058049 0.9700011 1.0429739 1.0030336 1.0030336 0.4634672 0.7055668 1.6733618 0.7011897 1.6733618 2.7025966 
icmadophila.ericetorum.1_tyr1628       0.4174519 0.7167051 1.3730116 0.9616472 1.3730116 1.2955317 0.7233232 1.0398355 1.1127022 0.4414386 0.9492952 1.0079788 0.8496187 1.4900799 0.9410961 0.9457409 0.7294845 0.7294845 0.9688602 0.4582592 0.4207923 0.6915856 1.2200872 0.4693847 1.0831152 0.9641733 0.5136508 0.5815453 0.9577850 0.4253527 0.0000000 0.8126618 0.9981460 0.9148663 0.9196953 0.4604780 0.9471981 1.0837476 1.2737558 0.9142347 0.4789709 0.7173238 0.8762358 0.9205594 0.8648429 1.0837476 0.6461060 0.1504689 0.8586510 0.9410961 0.8940096 1.1932950 0.9022354 0.6861690 0.7256781 0.8493615 0.9020907 0.1315253 1.0376960 0.4820883 0.4169307 0.4668674 0.3896010 0.9197537 0.4304048 0.8163087 0.4396721 0.6474780 0.8647415 0.9990311 1.0230101 0.4684470 0.1244393 1.0715967 1.0314865 0.5107172 0.4250188 0.5064591 0.4973158 0.9065063 1.0644199 0.9835793 0.9835793 0.1240524 0.6415095 1.2994923 0.5472786 1.2994923 2.1338976 
cyanodermella.asteris.1_tyr1869        0.7500888 0.7940448 1.2998233 1.1227347 1.2998233 1.2645539 1.1608900 1.1512032 1.3392520 0.7433265 1.1298617 1.1081648 1.0151961 1.4481077 1.1328863 0.9576755 0.8359777 0.8359777 1.0204027 0.8344662 0.8085840 0.8807670 1.3445239 0.8365131 1.0897451 0.9621507 0.8863040 0.7340228 1.1818199 1.1350568 0.8126618 0.0000000 1.2349264 1.2418914 1.1652135 0.8147616 1.1004075 1.2189067 1.3691410 0.9318516 0.7678089 0.8986000 1.1140098 1.1072364 0.9708107 1.2189067 0.6788532 0.7655472 1.0254240 1.1328863 1.1090790 1.5032034 1.0510887 0.9209099 0.7906375 1.0292714 1.2337698 0.7623175 0.9808932 0.8544969 1.0465770 1.3171369 0.8376665 0.9264420 0.8913915 0.0373853 0.7401052 0.8304589 0.9919435 1.4348579 1.1927621 0.8097402 0.8067954 1.2315694 0.9695503 0.9808279 0.8397589 0.6646378 1.0173088 0.9581597 1.0783443 1.0122022 1.0122022 0.7491586 0.8559880 1.3953826 0.7304856 1.3953826 2.1521678 
calogaya.arnoldii.1_tyr1881            0.9338447 1.1124990 1.7589784 0.6030494 1.7589784 1.5782252 1.2459298 0.7044082 1.2782985 0.9355116 0.7235741 0.5700954 0.4752766 1.5433242 0.6796472 0.6820563 1.1313027 1.1313027 1.1811250 1.0229291 0.9580472 1.2666247 0.4430490 0.9928193 1.3118503 1.2721477 1.0240389 1.0962952 0.5660885 1.1578671 0.9981460 1.2349264 0.0000000 0.2459436 0.2734988 0.9802758 0.3685066 0.7859106 1.5638852 1.2782713 1.0214027 1.2543188 0.2457075 0.6627926 0.3324508 0.7859106 1.0831974 0.8791108 1.3676931 0.6796472 0.6854641 0.3813011 0.3642909 1.1182087 1.1400993 0.4109701 0.2287724 0.8411552 0.7393222 1.0134068 1.2198973 1.3258971 0.9260663 0.7593674 0.9571504 1.2532605 0.9435470 1.0860794 0.4162953 1.5735421 1.4637203 0.9903124 0.8913172 0.7834952 0.6978842 1.0442422 0.9333822 1.0568786 1.1586608 0.6850822 0.3906372 0.3748420 0.3748420 0.8451860 1.0283550 1.6641979 1.0661214 1.6641979 2.1308256 
xanthocarpia.lactea.1_tyr1907          0.8532376 0.9818066 1.5386770 0.5255933 1.5386770 1.5774872 1.1791689 0.6143454 1.1322462 0.8404597 0.6394015 0.5019364 0.3923491 1.6221365 0.6193252 0.6129682 1.0028866 1.0028866 1.1762553 0.9744336 0.8634025 1.2232602 0.3791235 0.8901791 1.2547884 1.1273178 0.9056077 0.9728336 0.5253603 1.0340769 0.9148663 1.2418914 0.2459436 0.0000000 0.0555527 0.8737352 0.2925364 0.6933262 1.4605547 1.2200192 0.8678436 1.1387774 0.2310660 0.5977802 0.2922667 0.6933262 0.9376717 0.8006076 1.1331756 0.6193252 0.6181477 0.2236550 0.3335713 1.0154551 1.0160057 0.3468865 0.0243728 0.7637714 0.6870126 0.8877117 1.1451253 1.0960005 0.8634126 0.6969578 0.9067466 1.2745325 0.8479681 0.9322499 0.3504589 1.5392338 1.2837840 0.8810974 0.8314377 0.7097631 0.6344644 0.9160987 0.8640314 0.9148588 1.0389302 0.6070469 0.3303700 0.3143170 0.3143170 0.7677559 0.9192645 1.5159655 0.8983769 1.5159655 2.2909702 
caloplaca.aetnensis.1_tyr1915          0.7831048 0.9168905 1.5230570 0.4833606 1.5230570 1.5060085 1.1316869 0.5715731 1.1748903 0.7724022 0.6011802 0.4605753 0.3519795 1.6152635 0.5765559 0.5306855 0.9407237 0.9407237 1.1268461 0.9178602 0.8093222 1.1786625 0.3428892 0.8192969 1.2303395 1.0411531 0.8222203 0.8877670 0.5308333 0.9675256 0.9196953 1.1652135 0.2734988 0.0555527 0.0000000 0.8168365 0.2548502 0.6467476 1.4159715 1.1662708 0.8222151 1.0388501 0.2049054 0.5562185 0.2575746 0.6467476 0.8768754 0.7710380 1.0297845 0.5765559 0.5776667 0.2810996 0.2984766 0.9656500 0.9644035 0.3163172 0.0712527 0.7237928 0.6111074 0.8232721 1.1342305 1.0503239 0.8096503 0.6195155 0.8379463 1.1914533 0.7793429 0.8943911 0.3201048 1.4277825 1.2478607 0.8124769 0.8051938 0.6491856 0.5489094 0.8655213 0.7927715 0.8473877 0.9648703 0.5487429 0.2743503 0.2695587 0.2695587 0.7275859 0.8537750 1.5064296 0.8261287 1.5064296 2.2908518 
teloschistes.exilis.3_tyr1984          0.1173955 0.6250443 1.3187365 0.8225480 1.3187365 1.2944075 0.3775796 0.9098530 0.9291880 0.1250142 0.8636391 0.8519146 0.7804817 1.5071571 0.8494231 0.7744107 0.6861659 0.6861659 0.9684340 0.2844810 0.1447826 0.7793749 1.0447197 0.0035476 1.0300906 0.6716289 0.2237640 0.5447315 0.8633995 0.3041598 0.4604780 0.8147616 0.9802758 0.8737352 0.8168365 0.0000000 0.8596314 0.9747311 1.3526772 0.8663675 0.2947854 0.6291929 0.8486407 0.8215379 0.7158933 0.9747311 0.4939917 0.3863385 0.7771164 0.8494231 0.8455212 1.1533608 0.8278472 0.6119526 0.5564350 0.7441478 0.8817979 0.3775151 0.8136286 0.1128792 0.3566269 0.7328409 0.1177010 0.7528528 0.1785231 0.8507645 0.1245609 0.5771456 0.7292570 0.5890754 1.0408895 0.0034617 0.4274579 0.9039579 0.7758643 0.1314547 0.1933001 0.3929561 0.2736765 0.7927544 0.7786942 0.7659055 0.7659055 0.3775946 0.5196546 1.3890887 0.4344706 1.3890887 2.2851525 
gyalolechia.marmorata.1_tyr2081        0.8108495 0.8768242 1.6716208 0.5007101 1.6716208 1.5546151 1.2132783 0.6366837 1.1069133 0.7859037 0.6073581 0.4784076 0.3579714 1.5702495 0.5824953 0.5569036 0.9083208 0.9083208 1.1591080 0.8746533 0.8141528 1.1031547 0.2094129 0.8704817 1.2858536 1.0925912 0.8826551 0.8974469 0.5450420 0.9417139 0.9471981 1.1004075 0.3685066 0.2925364 0.2548502 0.8596314 0.0000000 0.6979055 1.4244512 1.2047408 0.8415733 0.9470296 0.2451581 0.5751142 0.2465843 0.6979055 0.8708583 0.7532657 1.0869047 0.5824953 0.5720088 0.5378882 0.2308402 0.9639011 0.9136234 0.3219805 0.3058179 0.6990809 0.6350871 0.8569650 1.2298335 1.0829806 0.8290187 0.6154180 0.8430640 1.0972334 0.7937741 0.9038077 0.3231938 1.4622555 1.3689794 0.8685188 0.7869394 0.6274252 0.6011822 0.9202595 0.7902469 0.8375619 1.0240459 0.5991121 0.2132514 0.2095595 0.2095595 0.7173819 0.8979171 1.4736603 0.8596569 1.4736603 2.0684515 
teloschistes.chrysophthalmus.1_tyr2102 0.9108986 1.0428375 1.7790499 0.5216774 1.7790499 1.5447040 1.3255916 0.0681266 1.3065880 0.9027201 0.4218889 0.5354292 0.5244549 1.8238371 0.3927726 0.6687347 1.0756109 1.0756109 1.2492735 1.0849645 0.9206313 1.1783841 0.8598438 0.9969782 1.4788691 1.2283759 1.0662334 1.0984732 0.5587791 1.2005591 1.0837476 1.2189067 0.7859106 0.6933262 0.6467476 0.9747311 0.6979055 0.0000000 1.5719247 1.2718450 0.9363468 1.2291557 0.6971258 0.3704111 0.5431038 0.0000010 1.0415179 0.9222676 1.2863649 0.3927726 0.4113928 0.9445918 0.6216080 1.0668846 1.0498390 0.5210694 0.6911163 0.9278783 0.6945341 0.9654546 1.2479778 1.3279881 0.9461892 0.6821863 1.0543792 1.2714512 0.9104395 1.0535365 0.5703445 1.5860214 1.4808191 0.9766497 0.9823268 0.4689939 0.6811637 1.0501813 0.9956841 0.9388005 1.0931305 0.6790019 0.6187382 0.5876257 0.5876257 0.9403743 1.0308010 1.6498540 0.9206797 1.6498540 2.1039493 
porina.heterospora.1_tyr2130           1.2973405 1.3654325 1.7239990 1.3613117 1.7239990 1.8260964 1.5383403 1.5465854 2.4554756 1.3424333 1.4124500 1.4032022 1.3193802 1.7103924 1.4173227 1.2971343 1.4357623 1.4357623 1.3962938 1.3334852 1.3643831 1.4524594 1.5811493 1.3745491 1.5610812 1.5616822 1.3949274 1.4049069 1.4099364 1.5352656 1.2737558 1.3691410 1.5638852 1.4605547 1.4159715 1.3526772 1.4244512 1.5719247 0.0000000 1.3572905 1.3307300 1.4817445 1.4138106 1.3859571 1.2776580 1.5719247 1.4153554 1.3168872 1.6758867 1.4173227 1.4088126 1.7084059 1.4138260 1.4264150 1.3749684 1.3926167 1.4732322 1.3563531 1.4043103 1.3754240 1.6911974 2.1646997 1.3717978 1.3665047 1.4041953 1.3904820 1.3370684 1.4791067 1.3217589 1.9355683 1.4976704 1.3295014 1.3560103 1.3711732 1.3509796 1.4414093 1.3818145 1.2853471 1.4640420 1.3956428 1.4741963 1.3547904 1.3547904 1.3048911 1.3680456 1.6277563 1.2639291 1.6277563 1.8522643 
pertusaria.obruta.1_tyr2146            0.8484911 1.0046417 1.6181521 1.0471598 1.6181521 1.3597360 1.1119052 1.2529395 1.6938326 0.8656719 1.2921144 1.0681481 1.0737999 1.2954440 1.2605930 1.0283859 1.1684862 1.1684862 0.1901612 0.8936858 0.8549713 1.2174451 1.4895696 0.8795507 1.0532860 1.1302066 0.8495462 0.9853521 1.2125358 1.1654100 0.9142347 0.9318516 1.2782713 1.2200192 1.1662708 0.8663675 1.2047408 1.2718450 1.3572905 0.0000000 0.9447454 1.1459941 1.1568596 1.2157723 1.0190447 1.2718450 0.9324288 0.9603862 1.1955552 1.2605930 1.2377402 1.4193033 1.0933196 1.0449365 0.9898738 1.0673764 1.2062796 0.8876221 1.0531830 0.9639330 1.1197611 1.4712444 0.8456699 0.9722840 0.9212320 0.9678313 0.8620757 1.0447331 1.0638890 1.4456055 1.1186526 0.8751783 0.9087463 1.1601443 1.0879649 0.9793687 0.8376179 0.9572023 1.0338791 1.0261403 1.1396121 1.1109864 1.1109864 0.8729948 0.8810331 1.2156372 0.9874717 1.2156372 2.0289178 
lecanorales.sp..3_tyr2207              0.2841409 0.6373958 1.4170638 0.8306847 1.4170638 1.3811322 0.5338515 0.8946180 0.8463801 0.2873920 0.8313346 0.8476283 0.7762351 1.2976635 0.8423681 0.8095061 0.6511792 0.6511792 0.9484421 0.2324387 0.2799879 0.7882832 1.0777130 0.2881882 1.0508736 0.7521592 0.3245185 0.5786924 0.8330060 0.4801336 0.4789709 0.7678089 1.0214027 0.8678436 0.8222151 0.2947854 0.8415733 0.9363468 1.3307300 0.9447454 0.0000000 0.7168269 0.8755388 0.8014461 0.7715121 0.9363468 0.5536693 0.4167037 0.8272745 0.8423681 0.8182037 1.0540151 0.8423164 0.5478196 0.5733057 0.7752371 0.8707287 0.4052382 0.8870286 0.3413354 0.5339700 0.7509796 0.2753639 0.8676547 0.3253072 0.7924385 0.2891848 0.5986273 0.7324741 0.7602507 1.1444680 0.2919147 0.4257413 0.9120144 0.8683821 0.3495271 0.3160080 0.5256050 0.4148784 0.8439474 0.8471214 0.8377025 0.8377025 0.3853265 0.5306799 1.2907524 0.5507860 1.2907524 2.2788714 
acanthothecis.fontana.1_tyr2209        0.6256167 0.5201685 1.5916218 0.9896774 1.5916218 1.6298075 0.9195773 1.1558127 1.1934293 0.6481269 1.0218563 1.0297511 0.9804721 1.4005952 1.0200569 0.8828784 0.5899449 0.5899449 1.1270394 0.6907531 0.6071957 0.9816980 1.2759024 0.6262177 1.3122973 0.6592420 0.7283245 0.4313631 1.0449201 0.9122875 0.7173238 0.8986000 1.2543188 1.1387774 1.0388501 0.6291929 0.9470296 1.2291557 1.4817445 1.1459941 0.7168269 0.0000000 1.0670697 0.9824036 0.9242803 1.2291557 0.4293030 0.6505857 0.7501504 1.0200569 1.0206705 1.2550950 0.9801362 0.7415406 0.4782433 1.0042095 1.1262571 0.6627088 0.9538960 0.7622108 0.8713928 1.0809279 0.5903596 0.9395721 0.6814189 0.9038233 0.6533727 0.4751731 0.9441353 1.1168489 1.3103897 0.6191688 0.6597576 1.1469285 0.9133066 0.7467952 0.6370848 0.4938381 0.7201381 0.9513539 1.0094501 0.9901393 0.9901393 0.6540101 0.4525681 1.4411914 0.5376429 1.4411914 2.4538993 
gallowayella.fulva.1_tyr2297           0.7877693 0.9237684 1.4961198 0.5004130 1.4961198 1.6060029 1.1793224 0.6166710 1.1510619 0.7953045 0.5761741 0.4877112 0.3767613 1.6067993 0.5448357 0.5462195 0.9604540 0.9604540 1.1095644 0.9128348 0.7950401 1.1885693 0.3575718 0.8240106 1.2454561 1.1085981 0.8981671 0.8941743 0.5024276 0.9451555 0.8762358 1.1140098 0.2457075 0.2310660 0.2049054 0.8486407 0.2451581 0.6971258 1.4138106 1.1568596 0.8755388 1.0670697 0.0000000 0.5357744 0.2296541 0.6971258 0.8982856 0.7531872 1.0311639 0.5448357 0.5463433 0.4266532 0.2471751 1.0051175 0.9806277 0.3013518 0.2539955 0.6938741 0.6630082 0.9031335 1.1647304 1.0267391 0.8031101 0.6126530 0.8686652 1.1251359 0.8026214 0.8951719 0.3235679 1.4463107 1.2866233 0.8380793 0.7744341 0.6352390 0.6217018 0.9362163 0.7720432 0.8963987 0.9443685 0.5417899 0.2248374 0.2211003 0.2211003 0.7046820 0.8877672 1.4648286 0.9038325 1.4648286 2.1707391 
